return {
  46732,
  608258,
  204844,
  609374,
  100730,
  127087,
  516001,
  102782,
  127085,
  982634,
  98966,
  349999,
  889213,
  100694,
  261871,
  656024,
  102890,
  211327,
  796016,
  103033,
  982524,
  101090,
  344814,
  1589162,
  101162,
  362959,
  1355845,
  100334,
  370736,
  2882,
  103106,
  243725,
  1542506,
  99074,
  344814,
  1309256,
  103070,
  225583,
  2858,
  101306,
  388880,
  749358,
  98642,
  387583,
  516006,
  102890,
  369439,
  516089,
  103034,
  51916,
  562685,
  102890,
  419983,
  516063,
  104510,
  203547,
  1635714,
  102890,
  397951,
  516025,
  105158,
  213919,
  609383,
  100226,
  360369,
  236060,
  100478,
  382399,
  516111,
  104798,
  414786,
  98930,
  325375,
  655937,
  102890,
  269648,
  1075839,
  46732,
  562784,
  103034,
  344810,
  1215968,
  99037,
  1029180,
  106310,
  350002,
  469309,
  106418,
  474412,
  935871,
  103070,
  488674,
  142889,
  101306,
  335746,
  516186,
  106346,
  349996,
  702681,
  98822,
  351298,
  1076053,
  105158,
  75244,
  562616,
  103070,
  505522,
  1215920,
  99038,
  289084,
  516079,
  98498,
  351298,
  656096,
  99290,
  199666,
  96055,
  107714,
  206140,
  1589045,
  103070,
  221699,
  516166,
  101342,
  191887,
  889299,
  108434,
  452383,
  1355222,
  202259,
  702702,
  108326,
  404435,
  842816,
  103070,
  305939,
  1402637,
  103430,
  521075,
  1262574,
  101414,
  569026,
  96333,
  108830,
  203556,
  49405,
  109262,
  469235,
  889507,
  109622,
  528851,
  236294,
  103070,
  247620,
  656096,
  109442,
  351300,
  1122771,
  109550,
  303348,
  1449387,
  109622,
  290389,
  142832,
  110054,
  559951,
  889509,
  106490,
  565135,
  842585,
  110414,
  501636,
  1309230,
  100082,
  628639,
  842877,
  109514,
  620869,
  2863,
  99254,
  635124,
  469423,
  109478,
  593653,
  376270,
  110090,
  640306,
  1216103,
  103070,
  188005,
  1402759,
  98966,
  316309,
  1029181,
  111026,
  605318,
  143042,
  98966,
  190598,
  329637,
  107858,
  492563,
  1449431,
  109478,
  671412,
  1029544,
  100262,
  677887,
  889191,
  111854,
  670118,
  96435,
  109550,
  257990,
  1402542,
  101918,
  696038,
  3070,
  108938,
  518476,
  1029475,
  103106,
  482194,
  282662,
  109622,
  661046,
  1029464,
  103430,
  181524,
  889235,
  112718,
  469191,
  98930,
  680485,
  1169379,
  108217,
  1356184,
  106346,
  650671,
  889451,
  109478,
  518479,
  1355771,
  102386,
  508108,
  749668,
  107642,
  165967,
  936297,
  113438,
  469234,
  1635951,
  98966,
  508120,
  189369,
  114482,
  351259,
  110954,
  775087,
  935932,
  111854,
  714178,
  96458,
  104834,
  728431,
  889264,
  114410,
  747868,
  562856,
  113186,
  751763,
  1542612,
  106958,
  771203,
  842646,
  109550,
  173751,
  142717,
  107930,
  766016,
  1495979,
  108182,
  710297,
  96070,
  98714,
  788051,
  842534,
  113402,
  203548,
  96419,
  98354,
  826927,
  842642,
  111638,
  751739,
  98930,
  587177,
  1635709,
  115238,
  611795,
  423011,
  116102,
  515897,
  96174,
  116246,
  828230,
  143201,
  112718,
  746575,
  843046,
  103070,
  841183,
  843042,
  106346,
  845082,
  282799,
  116966,
  489974,
  376470,
  107462,
  683071,
  889222,
  116138,
  859339,
  143215,
  103106,
  769911,
  703074,
  116894,
  868396,
  609792,
  116642,
  842490,
  889698,
  113798,
  904699,
  749245,
  100298,
  909876,
  1029692,
  103034,
  508123,
  1029679,
  113618,
  874889,
  1309602,
  114698,
  926730,
  1496294,
  113690,
  846367,
  889711,
  115706,
  474411,
  983057,
  97994,
  855436,
  563119,
  118118,
  751763,
  283170,
  101126,
  951355,
  3329,
  114193,
  236028,
  116426,
  806198,
  842786,
  115022,
  351294,
  1402783,
  98354,
  351294,
  1123070,
  98462,
  351291,
  1542930,
  88204,
  563220,
  113870,
  994114,
  1215834,
  103106,
  992812,
  609368,
  107714,
  974671,
  843154,
  116030,
  594957,
  749772,
  118442,
  512013,
  189486,
  120746,
  859324,
  1029166,
  117290,
  921531,
  1356116,
  116534,
  1023931,
  796014,
  121862,
  518490,
  189988,
  121970,
  850259,
  189371,
  98894,
  876178,
  1169743,
  114878,
  349999,
  49746,
  94970,
  968191,
  889246,
  111710,
  886557,
  1216042,
  98930,
  972076,
  609928,
  113114,
  834704,
  1496265,
  107246,
  173757,
  1449732,
  121358,
  999311,
  2749,
  117578,
  203567,
  236549,
  98930,
  886559,
  423326,
  117470,
  508108,
  842905,
  107714,
  181522,
  1495747,
  113654,
  790642,
  1495796,
  119378,
  819167,
  703291,
  107714,
  512014,
  1496064,
  114194,
  512015,
  423114,
  111998,
  1079646,
  236370,
  99722,
  1000608,
  423331,
  107246,
  230781,
  1355773,
  124886,
  887847,
  935983,
  98894,
  120604,
  563267,
  118118,
  944879,
  1495856,
  125030,
  759538,
  1635824,
  122222,
  751776,
  1075836,
  122078,
  675306,
  656639,
  113258,
  1000608,
  1496138,
  125678,
  1123719,
  656617,
  126146,
  352600,
  142974,
  101342,
  176335,
  889251,
  111854,
  226897,
  935982,
  126614,
  203548,
  796662,
  98318,
  351294,
  96419,
  120818,
  1201481,
  470044,
  103430,
  295570,
  563391,
  101846,
  1004494,
  889213,
  114950,
  1137967,
  842795,
  126686,
  1170376,
  469324,
  126686,
  482207,
  842557,
  121034,
  986335,
  889258,
  127298,
  352560,
  111854,
  1218319,
  889932,
  127982,
  777692,
  656703,
  126110,
  518498,
  843123,
  107138,
  657169,
  889327,
  100874,
  1132801,
  1449198,
  98282,
  1210540,
  563400,
  122438,
  500320,
  128882,
  351313,
  1262533,
  108974,
  124495,
  889279,
  111854,
  845066,
  1449199,
  96806,
  1266274,
  96502,
  113473,
  189731,
  94646,
  718059,
  1169263,
  105518,
  1147039,
  889303,
  99326,
  344812,
  1029326,
  108470,
  352589,
  189706,
  114266,
  352585,
  1216311,
  121250,
  203572,
  1029972,
  107786,
  1328497,
  1076066,
  99290,
  1043340,
  113258,
  68787,
  1589216,
  130466,
  1353124,
  1263304,
  104294,
  1331071,
  2864,
  131042,
  759557,
  143071,
  103106,
  225604,
  1402634,
  130754,
  500332,
  515018,
  478303,
  889110,
  130430,
  1224821,
  1170027,
  98138,
  882666,
  1029925,
  127046,
  1354416,
  1356695,
  107714,
  73961,
  190210,
  118154,
  768627,
  843138,
  99722,
  514591,
  842576,
  124778,
  737517,
  1029908,
  110630,
  581982,
  1029539,
  113726,
  769908,
  796682,
  103106,
  512022,
  515965,
  133094,
  623463,
  1356709,
  130574,
  230772,
  795979,
  124778,
  584598,
  936660,
  98966,
  734934,
  1309411,
  133274,
  1229991,
  1589664,
  132518,
  582006,
  1543337,
  109190,
  674009,
  703546,
  109622,
  1451623,
  796025,
  113726,
  737508,
  983494,
  98966,
  749190,
  376335,
  132626,
  1132788,
  983249,
  117434,
  537931,
  237011,
  118442,
  734916,
  796635,
  126146,
  1458090,
  702847,
  109622,
  1467176,
  96082,
  118118,
  298176,
  469807,
  134966,
  426471,
  1262755,
  119522,
  1182055,
  1310124,
  135398,
  351320,
  702790,
  99722,
  848971,
  1403457,
  116426,
  1521595,
  96174,
  113726,
  721975,
  1495865,
  117110,
  1463268,
  143215,
  135938,
  1544915,
  889698,
  109550,
  1513819,
  3783,
  129926,
  1546204,
  563153,
  117938,
  1484002,
  1636730,
  115418,
  1560488,
  1449802,
  117938,
  270960,
  469976,
  136838,
  939690,
  330008,
  137054,
  1057641,
  516327,
  117938,
  1557897,
  1029439,
  122978,
  234672,
  469989,
  137450,
  414807,
  1262946,
  123446,
  1594185,
  1216829,
  122978,
  1600645,
  609957,
  133202,
  1513823,
  237114,
  134390,
  1115949,
  1403468,
  133130,
  1066715,
  50500,
  137234,
  1443839,
  237095,
  133418,
  1000618,
  1542512,
  113726,
  1067997,
  750318,
  138170,
  1530671,
  237123,
  134138,
  1000589,
  330058,
  125030,
  1648591,
  889623,
  123446,
  1141882,
  283361,
  134534,
  489984,
  517074,
  134354,
  1678416,
  795948,
  124778,
  1040795,
  1263515,
  123302,
  1040794,
  283804,
  135830,
  1141883,
  982769,
  99722,
  1040789,
  423610,
  125823,
  46946,
  1454205,
  422767,
  125822,
  1594187,
  1450109,
  122223,
  47234,
  1678417,
  142786,
  124778,
  1201501,
  29895,
  1263185,
  128918,
  1174285,
  14360,
  1356519,
  141296,
  124958,
  1201497,
  843585,
  128738,
  203581,
  49344,
  1169263,
  141315,
  133850,
  537937,
  143281,
  122907,
  48134,
  759539,
  890389,
  703765,
  470261,
  99722,
  1277935,
  843089,
  135362,
  1314223,
  843733,
  796671,
  141337,
  133238,
  1182061,
  72680,
  1356949,
  1542397,
  141330,
  108255,
  49430,
  806216,
  749220,
  103071,
  48567,
  48495,
  49862,
  1596779,
  97238,
  470446,
  124959,
  49431,
  49682,
  230797,
  120604,
  609289,
  124778,
  694765,
  96006,
  982524,
  141346,
  141370,
  141342,
  125931,
  49754,
  1530685,
  132301,
  129709,
  143950,
  983482,
  134211,
  48531,
  50547,
  49431,
  51014,
  1594189,
  132301,
  125821,
  86941,
  143965,
  129709,
  156894,
  703306,
  97959,
  49899,
  50547,
  50331,
  51519,
  50042,
  797149,
  143965,
  165971,
  890391,
  610454,
  1310295,
  1449085,
  125822,
  1513822,
  890389,
  797079,
  143371,
  137595,
  51158,
  1530685,
  190621,
  129694,
  889311,
  124778,
  169885,
  176359,
  236439,
  141385,
  141427,
  141404,
  133887,
  51951,
  51806,
  230782,
  890390,
  1310296,
  1122493,
  99326,
  1132796,
  610454,
  1636888,
  982524,
  141411,
  141444,
  141376,
  107209,
  330268,
  103035,
  50330,
  1096499,
  283122,
  122510,
  1495662,
  330292,
  99722,
  667539,
  936820,
  133202,
  764722,
  1215823,
  109478,
  508141,
  66179,
  750196,
  126326,
  518475,
  1589590,
  138818,
  349998,
  703026,
  115670,
  751756,
  1450036,
  107425,
  1356954,
  236441,
  107426,
  224317,
  286500,
  796338,
  100118,
  751768,
  1449974,
  141485,
  109622,
  508109,
  1589476,
  115310,
  350029,
  228192,
  96185,
  99615,
  55226,
  351293,
  983706,
  1170169,
  124094,
  727140,
  890390,
  236980,
  106347,
  55370,
  906000,
  1029604,
  48039,
  330521,
  283865,
  562687,
  109479,
  53678,
  545700,
  890393,
  890177,
  129026,
  584580,
  890393,
  1122698,
  99614,
  893026,
  1495754,
  114194,
  195780,
  889800,
  141477,
  141476,
  141450,
  106346,
  299460,
  797082,
  189616,
  99614,
  584578,
  1495829,
  114194,
  1285716,
  982817,
  101055,
  55082,
  896926,
  97244,
  283170,
  107426,
  254125,
  312426,
  329352,
  124346,
  352588,
  1450268,
  935983,
  100227,
  57854,
  351294,
  3932,
  1215919,
  102314,
  848956,
  935983,
  99614,
  1189817,
  1402444,
  126542,
  832121,
  1402877,
  137702,
  351293,
  1216872,
  103070,
  294301,
  140057,
  1403501,
  141584,
  103034,
  329293,
  418687,
  843741,
  49519,
  122222,
  237277,
  286525,
  410911,
  842613,
  141610,
  98966,
  283933,
  452396,
  889327,
  100695,
  58646,
  920238,
  1590237,
  1449638,
  141411,
  141522,
  116894,
  1060219,
  1589296,
  136298,
  942301,
  280012,
  609808,
  121790,
  469251,
  936367,
  109622,
  287821,
  303355,
  2993,
  141485,
  122978,
  508110,
  1636890,
  1169676,
  141577,
  103034,
  1068013,
  360397,
  508132,
  470494,
  1635823,
  100406,
  351325,
  517210,
  889791,
  117039,
  52742,
  905995,
  236709,
  141569,
  141510,
  119810,
  351311,
  423838,
  1077023,
  609390,
  116894,
  229501,
  286507,
  2984,
  101523,
  55083,
  61310,
  350029,
  373357,
  425183,
  422888,
  100515,
  55334,
  1068013,
  514601,
  1450266,
  237216,
  96175,
  102279,
  62390,
  351325,
  239869,
  543104,
  1495759,
  141706,
  103034,
  300781,
  576799,
  842582,
  141682,
  141705,
  107390,
  351293,
  3936,
  1029864,
  141721,
  107714,
  324094,
  1495817,
  103071,
  59403,
  63398,
  1067982,
  1170337,
  50053,
  125282,
  1084843,
  3549,
  125606,
  1101689,
  96044,
  122978,
  268381,
  601426,
  1216300,
  137522,
  1401085,
  408349,
  540511,
  843744,
  749369,
  141648,
  141642,
  103034,
  263197,
  502930,
  96500,
  141713,
  141665,
  103034,
  1242946,
  1215788,
  141660,
  141670,
  141655,
  141723,
  141454,
  141667,
  103035,
  53319,
  62138,
  1148352,
  1123160,
  109551,
  55910,
  1399759,
  843737,
  1636458,
  103106,
  1127602,
  1216993,
  562734,
  141786,
  141790,
  141776,
  115419,
  65738,
  585883,
  283874,
  189487,
  141749,
  141662,
  116751,
  61814,
  815293,
  635149,
  425197,
  637741,
  570323,
  190561,
  1310303,
  1215919,
  141763,
  113115,
  60663,
  65883,
  61059,
  65882,
  256717,
  666220,
  610464,
  330530,
  610461,
  190562,
  2749,
  100911,
  66855,
  65235,
  63758,
  1636957,
  688285,
  491293,
  694765,
  680509,
  685671,
  657121,
  1589747,
  117939,
  66134,
  1171678,
  377187,
  190561,
  470492,
  517155,
  189669,
  126686,
  623467,
  3925,
  703130,
  141752,
  141674,
  123338,
  500302,
  113258,
  1240351,
  890394,
  423067,
  98750,
  251501,
  656019,
  102242,
  303342,
  1309203,
  102278,
  321486,
  609497,
  99938,
  329259,
  1168597,
  49385,
  84317,
  282641,
  95258,
  141342,
  749339,
  100909,
  1589108,
  97166,
  92090,
  1588990,
  95905,
  842483,
  95582,
  137453,
  376027,
  101450,
  133564,
  1215756,
  98642,
  208730,
  1635678,
  97598,
  274829,
  1542617,
  100946,
  273532,
  702037,
  935848,
  55807,
  95963,
  94754,
  46735,
  96150,
  100226,
  60987,
  1309069,
  57099,
  514622,
  94644,
  96446,
  81722,
  1122582,
  101666,
  317595,
  795914,
  97310,
  248908,
  1495633,
  96050,
  143933,
  1215870,
  72652,
  2655,
  94718,
  320186,
  422677,
  95186,
  185405,
  561314,
  163370,
  1356304,
  83021,
  1449176,
  100190,
  145229,
  1402420,
  95510,
  286460,
  97742,
  108940,
  1262390,
  96842,
  64876,
  375895,
  99361,
  1449084,
  106886,
  187998,
  2835,
  101702,
  321486,
  1075869,
  102170,
  321486,
  562591,
  84313,
  1076057,
  98822,
  330555,
  1402093,
  702809,
  99002,
  330558,
  1309193,
  142007,
  101954,
  326670,
  795989,
  106958,
  488668,
  236084,
  99506,
  260573,
  1262526,
  101198,
  265762,
  749540,
  102242,
  169820,
  55804,
  2342,
  199693,
  810109,
  944862,
  982607,
  102098,
  304669,
  979854,
  1495785,
  102027,
  73190,
  315010,
  795898,
  101234,
  273532,
  982572,
  99542,
  282604,
  1450280,
  422734,
  102242,
  302046,
  1123690,
  423849,
  2844,
  102494,
  312414,
  1496936,
  1355833,
  100694,
  259282,
  795899,
  101019,
  73226,
  267054,
  562702,
  106886,
  194477,
  1169233,
  102386,
  329262,
  1495829,
  102026,
  312445,
  794526,
  1076057,
  98642,
  325375,
  2833,
  142064,
  101127,
  75638,
  488669,
  422627,
  101305,
  375923,
  100297,
  515988,
  94718,
  163371,
  795934,
  102314,
  167259,
  842559,
  95258,
  123195,
  562105,
  981073,
  749143,
  95222,
  303340,
  889231,
  95546,
  320185,
  236006,
  101991,
  75098,
  285199,
  96143,
  101522,
  312414,
  1309214,
  142054,
  102386,
  184093,
  95762,
  228170,
  749256,
  142097,
  100730,
  321517,
  1047247,
  96137,
  100551,
  75674,
  469227,
  49410,
  106886,
  557389,
  985038,
  795983,
  101666,
  321517,
  1087422,
  797076,
  935993,
  99578,
  286525,
  1079647,
  96146,
  101918,
  313710,
  749321,
  141875,
  142073,
  98966,
  245019,
  1449139,
  96518,
  108941,
  981542,
  233353,
  422619,
  97814,
  242428,
  1402401,
  97742,
  190586,
  1494471,
  73298,
  98570,
  561998,
  143929,
  1169225,
  102494,
  226875,
  49413,
  97742,
  165966,
  1636906,
  1355825,
  102242,
  325374,
  795966,
  102027,
  73011,
  79707,
  78122,
  203548,
  329425,
  102026,
  326670,
  1542478,
  142169,
  141875,
  102315,
  76214,
  307230,
  750442,
  703788,
  797097,
  1403625,
  1496938,
  1355833,
  102242,
  308557,
  1136670,
  1309197,
  142185,
  142227,
  142013,
  142156,
  142017,
  98966,
  197101,
  1179469,
  1045981,
  1196284,
  517167,
  50601,
  1169235,
  142240,
  98966,
  194477,
  1310308,
  1635796,
  101954,
  316302,
  702680,
  142080,
  101523,
  75098,
  219100,
  1262501,
  100478,
  259277,
  1309176,
  142013,
  142015,
  142259,
  99002,
  269643,
  1588323,
  56667,
  79562,
  675294,
  1123696,
  1029092,
  99542,
  119309,
  422621,
  94862,
  57103,
  96151,
  101161,
  1635914,
  99506,
  286495,
  330537,
  1590255,
  610475,
  329416,
  101991,
  82478,
  193182,
  189465,
  102278,
  274830,
  1263663,
  283887,
  1075884,
  100046,
  304635,
  49348,
  102350,
  79133,
  1355042,
  102458,
  236010,
  99002,
  234650,
  236038,
  64874,
  1448570,
  57097,
  422593,
  88202,
  654626,
  283900,
  515958,
  66173,
  702254,
  233357,
  702217,
  467966,
  242429,
  329306,
  101521,
  749173,
  98570,
  79133,
  1309045,
  102386,
  213915,
  515889,
  58397,
  889283,
  97670,
  207469,
  658424,
  100118,
  294266,
  515985,
  142347,
  95042,
  171145,
  1074494,
  118014,
  1401878,
  254090,
  1589149,
  98534,
  255390,
  841142,
  70061,
  1262448,
  54541,
  1023949,
  785485,
  791965,
  794557,
  797116,
  609273,
  102314,
  326701,
  1040770,
  96053,
  142297,
  98786,
  259278,
  50608,
  97245,
  236192,
  102279,
  88347,
  83594,
  225613,
  1034302,
  1543600,
  1261730,
  88204,
  95982,
  101990,
  127081,
  469046,
  294301,
  1302556,
  376041,
  142016,
  142072,
  142221,
  101054,
  268349,
  1542442,
  101198,
  222989,
  1635763,
  101343,
  57818,
  414795,
  1170352,
  1169142,
  100730,
  277421,
  1635760,
  99542,
  280013,
  1635755,
  101342,
  277453,
  851556,
  843756,
  1542495,
  100586,
  316302,
  1543593,
  49625,
  97959,
  88814,
  88204,
  329268,
  100190,
  164667,
  142606,
  101558,
  308526,
  189256,
  100298,
  59671,
  97525,
  562542,
  63578,
  49286,
  96986,
  233358,
  1589124,
  97167,
  73406,
  330558,
  610477,
  796121,
  98787,
  81542,
  303373,
  951373,
  1023917,
  1542473,
  101702,
  307230,
  97258,
  422816,
  97814,
  313728,
  889327,
  95511,
  92198,
  536653,
  1253310,
  1636909,
  842640,
  100874,
  325374,
  1636906,
  377185,
  2863,
  96085,
  982462,
  98966,
  289117,
  1055053,
  1372542,
  1543605,
  1170358,
  1262541,
  102386,
  316302,
  1077034,
  1309410,
  100731,
  81903,
  89246,
  302077,
  1535869,
  1290893,
  982613,
  102243,
  75567,
  74018,
  251501,
  1075896,
  100766,
  267053,
  1495794,
  141832,
  104834,
  239869,
  1640815,
  842621,
  142529,
  141993,
  101306,
  309822,
  1496937,
  1310325,
  1263653,
  2834,
  110234,
  414795,
  1543600,
  1169143,
  142485,
  99362,
  88204,
  842496,
  94825,
  1495904,
  84349,
  1644704,
  1495749,
  142422,
  142044,
  141875,
  142259,
  98823,
  72974,
  300750,
  1123702,
  1262546,
  98101,
  1354934,
  185437,
  985038,
  283883,
  376081,
  102495,
  76358,
  1420495,
  889245,
  86942,
  28606,
  283898,
  142717,
  99687,
  83846,
  191917,
  1668030,
  330541,
  935945,
  142227,
  106347,
  79527,
  73406,
  274861,
  1187219,
  1355936,
  100119,
  88346,
  260573,
  1215863,
  100371,
  58754,
  364252,
  1217018,
  376055,
  100550,
  281309,
  1449099,
  101306,
  278717,
  937046,
  1495904,
  100191,
  83847,
  82695,
  81723,
  82803,
  75963,
  68474,
  329294,
  86914,
  795966,
  141921,
  141923,
  141925,
  141927,
  95510,
  57103,
  49424,
  100874,
  46733,
  1402374,
  70059,
  562553,
  96697,
  189298,
  95222,
  138749,
  49487,
  102062,
  125789,
  142609,
  101054,
  222987,
  329221,
  95978,
  287789,
  1402094,
  187995,
  422618,
  100262,
  111533,
  142616,
  98966,
  178889,
  95186,
  143933,
  2796,
  68765,
  795981,
  102098,
  133564,
  96046,
  95114,
  279981,
  95222,
  124494,
  609196,
  97491,
  79599,
  68943,
  69015,
  74595,
  74666,
  203547,
  1262552,
  98173,
  190569,
  842150,
  239835,
  235933,
  94754,
  220398,
  842618,
  97238,
  250202,
  1634942,
  75242,
  609186,
  72650,
  469270,
  97310,
  246318,
  470504,
  1075886,
  142276,
  121178,
  414796,
  1636916,
  283887,
  1217002,
  749450,
  100047,
  83846,
  199693,
  1315549,
  1246861,
  794530,
  96033,
  142297,
  99038,
  313735,
  1075952,
  99831,
  83846,
  232094,
  162109,
  855469,
  858025,
  1075724,
  94790,
  295564,
  1495806,
  94754,
  289082,
  1541594,
  159482,
  1029097,
  57097,
  1355672,
  94826,
  233390,
  5252,
  99614,
  153005,
  1589073,
  97886,
  155595,
  655924,
  100694,
  97277,
  1028882,
  159484,
  841790,
  243758,
  58429,
  985038,
  143920,
  49486,
  142568,
  102279,
  73406,
  302046,
  562701,
  142264,
  102495,
  69266,
  325405,
  1626589,
  1253341,
  785486,
  110269,
  1298701,
  1263709,
  963006,
  1169224,
  102386,
  300781,
  1621372,
  1449096,
  100730,
  221725,
  1569532,
  423853,
  469390,
  142631,
  142583,
  100551,
  101630,
  273566,
  73981,
  951373,
  1141858,
  96077,
  142297,
  142654,
  98426,
  108938,
  515960,
  63582,
  655888,
  94826,
  151709,
  329351,
  97958,
  57101,
  795801,
  96734,
  164659,
  83018,
  608618,
  66169,
  749314,
  99146,
  313705,
  842640,
  94934,
  269644,
  983720,
  1075882,
  100803,
  96879,
  73623,
  94322,
  1222208,
  1495767,
  142297,
  98607,
  90615,
  88922,
  312411,
  795638,
  76542,
  889298,
  101234,
  53245,
  1090011,
  1635770,
  96698,
  108941,
  1122424,
  101485,
  1542281,
  97634,
  243727,
  49377,
  97814,
  255387,
  49343,
  90794,
  49320,
  55801,
  1355726,
  96986,
  247614,
  1495749,
  97238,
  316299,
  609333,
  99075,
  91695,
  88671,
  88742,
  197101,
  794558,
  385021,
  477007,
  1355837,
  101667,
  83846,
  176365,
  801037,
  803629,
  806188,
  1122459,
  95402,
  81724,
  1215893,
  100802,
  67467,
  1215756,
  49323,
  469219,
  96554,
  102466,
  1215869,
  98389,
  96061,
  90802,
  50603,
  283551,
  102782,
  462777,
  189373,
  103502,
  327968,
  935978,
  105123,
  109802,
  329265,
  1449191,
  100371,
  109694,
  1568236,
  609349,
  102746,
  340925,
  1495850,
  100766,
  444608,
  49511,
  105734,
  340927,
  1636932,
  1215853,
  143024,
  96842,
  263167,
  656796,
  143018,
  98462,
  347407,
  515972,
  102890,
  329265,
  889270,
  102890,
  442015,
  516023,
  105158,
  225614,
  622154,
  1215962,
  96842,
  379838,
  593648,
  1590276,
  1356997,
  329450,
  100694,
  436862,
  640298,
  1215966,
  96842,
  359102,
  593649,
  1263685,
  890437,
  655874,
  104690,
  1559170,
  2978,
  134858,
  477026,
  936210,
  142033,
  141695,
  111854,
  495171,
  1590229,
  982757,
  141798,
  121502,
  513313,
  237205,
  1262707,
  103070,
  627367,
  236282,
  108146,
  1489193,
  516857,
  109623,
  63254,
  1452902,
  1589445,
  112754,
  351322,
  703815,
  797076,
  49946,
  143121,
  141801,
  111998,
  584605,
  190621,
  254100,
  983140,
  143128,
  141528,
  112394,
  623460,
  890392,
  1496967,
  1589167,
  141335,
  105159,
  113799,
  55478,
  1678406,
  1217032,
  329454,
  141533,
  143018,
  143147,
  143115,
  123303,
  114590,
  203557,
  1543624,
  470536,
  97243,
  50632,
  610465,
  610504,
  1029721,
  143161,
  112359,
  115022,
  1139268,
  889880,
  143158,
  106707,
  114087,
  115239,
  113547,
  114195,
  113007,
  114842,
  1064126,
  769934,
  780302,
  801031,
  842851,
  109947,
  113690,
  1200183,
  283913,
  237255,
  1403311,
  141792,
  141456,
  113330,
  745281,
  237211,
  330519,
  143944,
  563752,
  133922,
  738829,
  374628,
  423069,
  113798,
  352622,
  706429,
  559966,
  609703,
  103071,
  56630,
  1257199,
  843737,
  1123719,
  236466,
  141843,
  129566,
  1224818,
  517140,
  97250,
  936657,
  142660,
  118443,
  55118,
  364274,
  983707,
  330519,
  936858,
  141453,
  143205,
  114410,
  803619,
  843786,
  656163,
  115814,
  351325,
  156926,
  775118,
  714206,
  863239,
  516497,
  141792,
  131547,
  61599,
  68150,
  900830,
  784190,
  828234,
  330517,
  703258,
  103106,
  878797,
  644222,
  900804,
  423008,
  143248,
  143105,
  118119,
  67395,
  118263,
  60410,
  571627,
  1310345,
  983090,
  103035,
  118515,
  66206,
  880083,
  282982,
  143267,
  115131,
  56954,
  824366,
  899534,
  921558,
  1357003,
  1450312,
  1123716,
  1216355,
  143279,
  118622,
  351322,
  1403659,
  657163,
  50590,
  97291,
  1450116,
  143293,
  116895,
  50655,
  118550,
  1077065,
  1403657,
  143948,
  890402,
  423838,
  702818,
  141641,
  141816,
  141433,
  99038,
  947485,
  578108,
  657123,
  376578,
  101342,
  832141,
  302071,
  236267,
  120062,
  894332,
  1216396,
  141774,
  122474,
  352614,
  750425,
  749860,
  141688,
  143327,
  98930,
  1141873,
  656176,
  120819,
  47127,
  61455,
  64875,
  56019,
  63039,
  116966,
  203582,
  1005779,
  1169764,
  143268,
  122907,
  121466,
  894333,
  1543627,
  1356017,
  98138,
  1170379,
  983753,
  1263107,
  141315,
  127586,
  414814,
  423837,
  1310307,
  282685,
  122331,
  118550,
  1459396,
  1123671,
  517195,
  236031,
  122654,
  832141,
  484814,
  1062798,
  329868,
  143356,
  143018,
  124419,
  59222,
  364252,
  1030369,
  1217035,
  983758,
  469985,
  143145,
  143293,
  123447,
  48495,
  121503,
  118586,
  1631773,
  711614,
  1082253,
  702824,
  141449,
  143252,
  123806,
  351312,
  797129,
  1403663,
  1077025,
  1170383,
  143949,
  563855,
  143822,
  124454,
  1407532,
  563333,
  139358,
  1058928,
  469924,
  143384,
  135362,
  1141886,
  1126304,
  1076581,
  141307,
  141675,
  141800,
  125534,
  1185950,
  1052441,
  96805,
  141323,
  143107,
  114626,
  1175582,
  1117248,
  1590288,
  1076640,
  117183,
  65955,
  116786,
  594961,
  1263692,
  843780,
  1216572,
  132374,
  632545,
  1402543,
  139538,
  1452913,
  1636542,
  134534,
  1253342,
  816574,
  283917,
  1636938,
  797127,
  236823,
  118154,
  1265006,
  935810,
  983757,
  1496417,
  141734,
  143223,
  128018,
  1252018,
  563856,
  190609,
  516780,
  143440,
  115419,
  126291,
  68151,
  56234,
  1201501,
  106376,
  750421,
  703778,
  96602,
  143465,
  120962,
  1484019,
  936639,
  126686,
  1329782,
  703430,
  103035,
  49431,
  68042,
  202275,
  1449198,
  129495,
  119306,
  1355691,
  936721,
  129710,
  1312957,
  471825,
  236119,
  143083,
  96843,
  110450,
  340927,
  1263507,
  99722,
  806206,
  516976,
  107426,
  832133,
  1495814,
  116426,
  64901,
  1215920,
  143540,
  127442,
  200990,
  1267567,
  890451,
  517199,
  843786,
  890451,
  469667,
  94934,
  202285,
  746606,
  841184,
  1496979,
  983476,
  106707,
  129170,
  364228,
  131727,
  65523,
  119847,
  121790,
  75254,
  516016,
  107426,
  508135,
  1355675,
  143204,
  118262,
  751720,
  143204,
  113799,
  129350,
  352622,
  1314253,
  378542,
  1303859,
  190612,
  469601,
  109479,
  130070,
  351325,
  982467,
  843796,
  1030151,
  106707,
  125462,
  1635631,
  937108,
  1216341,
  127333,
  143587,
  141375,
  98966,
  61022,
  1053748,
  1123733,
  143949,
  1122889,
  117183,
  128774,
  832142,
  58409,
  96936,
  143616,
  143249,
  98967,
  129063,
  129134,
  1043390,
  1277935,
  842437,
  143444,
  103430,
  1337582,
  1382935,
  237268,
  97250,
  1403668,
  237255,
  283866,
  937108,
  843797,
  1496943,
  1123675,
  422896,
  143592,
  120963,
  130755,
  65955,
  65811,
  126506,
  351326,
  1360910,
  1373838,
  1030420,
  189906,
  141863,
  143612,
  115418,
  1467154,
  797118,
  1077054,
  1169262,
  142607,
  142798,
  100946,
  224317,
  1055020,
  935911,
  100802,
  277421,
  795914,
  142078,
  142864,
  142268,
  143007,
  142018,
  142020,
  143592,
  99038,
  269645,
  1170344,
  1075903,
  100838,
  268381,
  1327214,
  1055054,
  385021,
  1653806,
  388909,
  1292221,
  1044686,
  295574,
  143012,
  142180,
  142182,
  142184,
  142186,
  142007,
  99506,
  285198,
  143898,
  610499,
  1310328,
  1170382,
  1029193,
  100730,
  225582,
  2757,
  100623,
  103826,
  326702,
  413533,
  1636958,
  62287,
  1356973,
  3968,
  843776,
  937088,
  1029619,
  142290,
  106887,
  68438,
  251534,
  392798,
  151741,
  1530686,
  67501,
  948751,
  937079,
  983735,
  1077047,
  1170368,
  610468,
  1450276,
  1543603,
  1496933,
  97267,
  1402466,
  143743,
  142414,
  98895,
  97635,
  97707,
  81470,
  224284,
  1356980,
  749310,
  100766,
  273532,
  1169199,
  99507,
  91695,
  108470,
  300781,
  1302556,
  422700,
  100550,
  261901,
  423871,
  1356983,
  377209,
  703799,
  1496951,
  1590262,
  1263670,
  1356992,
  562619,
  100622,
  272237,
  1635751,
  99543,
  62462,
  474430,
  1543607,
  843754,
  517165,
  470526,
  517165,
  1075838,
  142928,
  142571,
  142573,
  142575,
  142577,
  142475,
  142167,
  142270,
  101054,
  274829,
  749310,
  100946,
  285197,
  1589115,
  101090,
  222989,
  1123734,
  1590296,
  937082,
  703806,
  470551,
  843757,
  1077056,
  1356992,
  283885,
  1075832,
  142978,
  98715,
  130862,
  1192399,
  97286,
  143942,
  796053,
  143052,
  143038,
  102782,
  213950,
  609202,
  96092,
  100514,
  344846,
  642895,
  516019,
  105158,
  191918,
  645518,
  1660257,
  422825,
  100695,
  111710,
  127118,
  631262,
  1250750,
  112862,
  650702,
  684367,
  657158,
  236234,
  103502,
  1316846,
  627374,
  632529,
  889357,
  102783,
  111567,
  110127,
  110270,
  296865,
  1122434,
  143838,
  102782,
  251505,
  236194,
  105266,
  434241,
  1495921,
  101234,
  344847,
  28622,
  1252017,
  236223,
  143049,
  102783,
  110990,
  127119,
  7858,
  96923,
  102890,
  283903,
  655985,
  135974,
  508142,
  972105,
  702800,
  141483,
  143096,
  141475,
  143099,
  113798,
  769934,
  1408861,
  425198,
  1333694,
  1384207,
  1355838,
  109551,
  130178,
  518478,
  1030187,
  117183,
  132735,
  122583,
  129890,
  501661,
  943599,
  90830,
  59725,
  1644703,
  189738,
  100695,
  111459,
  110702,
  344814,
  1543644,
  377245,
  236138,
  143079,
  106346,
  191918,
  1651183,
  517189,
  283910,
  842729,
  101559,
  141410,
  340958,
  659745,
  563845,
  1123352,
  143089,
  96843,
  139035,
  110270,
  213917,
  1402538,
  103214,
  340959,
  22142,
  610492,
  1403654,
  237278,
  1357019,
  1403676,
  142716,
  129891,
  143318,
  127119,
  137486,
  610496,
  1590302,
  235970,
  143973,
  143832,
  143031,
  100083,
  143175,
  140654,
  340959,
  151714,
  96158,
  143871,
  143957,
  143087,
  106346,
  455007,
  19551,
  124490,
  1217051,
  1170373,
  142807,
  143945,
  143978,
  143029,
  143018,
  143922,
  143516,
  118154,
  331869,
  1589070,
  143998,
  143957,
  143067,
  106347,
  143282,
  344846,
  666254,
  661041,
  890462,
  797147,
  1636959,
  796106,
  143714,
  102891,
  141122,
  127119,
  36399,
  147822,
  329450,
  143964,
  144003,
  143031,
  100695,
  146234,
  340958,
  1250750,
  1658991,
  163407,
  140079,
  33775,
  517214,
  562784,
  98463,
  143714,
  340959,
  54513,
  750491,
  1077074,
  1450310,
  750470,
  563868,
  935868,
  143871,
  143529,
  96843,
  143103,
  110270,
  329295,
  184143,
  181551,
  2673,
  1215804,
  143855,
  144049,
  144053,
  143018,
  102207,
  145011,
  111315,
  141158,
  426494,
  24715,
  283920,
  97294,
  423842,
  1077090,
  282800,
  144077,
  143549,
  104835,
  58610,
  1303874,
  983776,
  237282,
  610518,
  749474,
  142164,
  98965,
  50592,
  376028,
  143998,
  143973,
  130107,
  109802,
  225614,
  1678431,
  261903,
  140050,
  97311,
  609437,
  143839,
  105158,
  185439,
  151732,
  377249,
  517217,
  1170399,
  657185,
  143969,
  1029386,
  100695,
  146667,
  144398,
  421281,
  236155,
  143525,
  143069,
  143987,
  142609,
  144026,
  144060,
  143975,
  144014,
  144039,
  143998,
  143855,
  143836,
  105338,
  127119,
  103759,
  517219,
  657182,
  610529,
  143576,
  144065,
  103430,
  454973,
  1123357,
  143895,
  143523,
  143525,
  143868,
  106023,
  109803,
  101991,
  117615,
  148395,
  68294,
  469231,
  189538,
  143019,
  98931,
  112287,
  111999,
  143175,
  139251,
  146343,
  147315,
  145623,
  95079,
  144183,
  147243,
  140295,
  144290,
  202286,
  670111,
  517190,
  797156,
  1543647,
  1123740,
  563871,
  983772,
  1636955,
  1077087,
  423905,
  1123749,
  283936,
  657189,
  283939,
  330593,
  142922,
  98463,
  143175,
  110847,
  150555,
  110775,
  147315,
  145011,
  149438,
  414796,
  1403678,
  797147,
  1030405,
  2935,
  143975,
  143850,
  143871,
  143993,
  98931,
  144183,
  141195,
  141266,
  414798,
  1450332,
  283937,
  1030431,
  1589262,
  131115,
  119306,
  1513837,
  379838,
  1373853,
  377182,
  1403615,
  703515,
  143560,
  135219,
  135758,
  924145,
  1076758,
  143565,
  128558,
  508142,
  1161326,
  610492,
  1450324,
  143958,
  50636,
  143663,
  126542,
  769912,
  843791,
  1029426,
  141487,
  126543,
  53931,
  115274,
  1437374,
  711613,
  90806,
  330521,
  1263227,
  143588,
  143264,
  106347,
  53427,
  153579,
  145370,
  364278,
  143182,
  143242,
  143266,
  107427,
  119666,
  1601934,
  330570,
  609631,
  144257,
  133671,
  53427,
  154983,
  122582,
  206139,
  1217034,
  656474,
  101631,
  141555,
  54434,
  537928,
  843795,
  189545,
  99938,
  1436077,
  222999,
  1357032,
  377032,
  98821,
  610515,
  1029295,
  138999,
  131475,
  142094,
  1283150,
  845077,
  1450342,
  983763,
  563506,
  109623,
  148287,
  148214,
  1337583,
  598843,
  655987,
  143414,
  107714,
  246324,
  983563,
  107714,
  193215,
  606610,
  1217064,
  1636957,
  1449200,
  99506,
  587198,
  693459,
  330522,
  1496705,
  141511,
  112719,
  156818,
  1552718,
  878776,
  189980,
  135795,
  52742,
  754356,
  983784,
  936309,
  127335,
  156243,
  53714,
  893054,
  1086158,
  610521,
  1310375,
  283860,
  796386,
  143182,
  143031,
  113726,
  893054,
  1000613,
  936754,
  118119,
  60591,
  154874,
  760831,
  937130,
  610510,
  1543657,
  1590285,
  237290,
  97199,
  141608,
  141372,
  144368,
  141480,
  114266,
  893039,
  1403669,
  610065,
  144389,
  143620,
  100911,
  119450,
  759533,
  470570,
  890444,
  1543604,
  190634,
  1636132,
  144394,
  144334,
  103070,
  223003,
  237289,
  657174,
  376110,
  144356,
  144076,
  135110,
  859359,
  701246,
  756974,
  1077052,
  237291,
  796800,
  101486,
  769934,
  732350,
  1062796,
  1590312,
  329699,
  144298,
  144404,
  141331,
  144301,
  114987,
  156134,
  769879,
  143099,
  109551,
  130610,
  1189839,
  627374,
  1373871,
  629966,
  728462,
  944894,
  876206,
  895629,
  329910,
  143501,
  141485,
  118118,
  587198,
  1080943,
  890449,
  377198,
  1450320,
  1217067,
  609893,
  126543,
  161390,
  1254622,
  609258,
  115707,
  101343,
  161571,
  121178,
  351327,
  790651,
  657115,
  1262843,
  143438,
  143599,
  144464,
  144469,
  144416,
  144468,
  103035,
  162074,
  426495,
  798446,
  728451,
  96176,
  143348,
  118119,
  122439,
  130790,
  352623,
  810110,
  1162623,
  784190,
  1178146,
  97299,
  609742,
  132771,
  159590,
  1337582,
  1027838,
  593679,
  709023,
  292972,
  610539,
  890471,
  423915,
  142880,
  144418,
  144505,
  141831,
  144407,
  143475,
  144514,
  144374,
  143550,
  108578,
  667551,
  839918,
  837327,
  607935,
  702526,
  1542820,
  144511,
  141675,
  144376,
  143286,
  143410,
  141831,
  136046,
  894318,
  283183,
  116895,
  164271,
  129422,
  482203,
  237259,
  470574,
  656046,
  141692,
  133671,
  163911,
  147963,
  163407,
  161967,
  164055,
  156999,
  159590,
  518511,
  861951,
  395359,
  843819,
  470562,
  750477,
  1635997,
  144546,
  144419,
  144396,
  144524,
  143307,
  108867,
  165422,
  1189819,
  237220,
  797136,
  423384,
  116895,
  153363,
  125175,
  148071,
  125390,
  718094,
  1344031,
  889802,
  144419,
  144542,
  143374,
  102386,
  893053,
  1336287,
  692143,
  937136,
  563882,
  1543663,
  1217065,
  50589,
  470571,
  983792,
  797161,
  377228,
  1357009,
  703856,
  1077102,
  610483,
  1636497,
  68799,
  860655,
  664937,
  96094,
  144595,
  144509,
  103430,
  193215,
  973384,
  469201,
  98931,
  164270,
  500367,
  985071,
  938414,
  1385535,
  732319,
  890388,
  236921,
  114699,
  165710,
  1559163,
  1217064,
  516323,
  120170,
  769913,
  470557,
  843815,
  329753,
  144243,
  141542,
  143580,
  103071,
  49611,
  153218,
  582014,
  1231294,
  1403618,
  797164,
  703536,
  144293,
  112035,
  50330,
  1500878,
  834735,
  83026,
  1215879,
  113799,
  165855,
  118730,
  582013,
  143966,
  706404,
  890452,
  1495856,
  120819,
  168555,
  120566,
  289119,
  1026543,
  628669,
  356510,
  959151,
  626078,
  705135,
  811407,
  610527,
  531440,
  1495815,
  144337,
  144651,
  118119,
  168662,
  1522911,
  986367,
  806223,
  863215,
  937060,
  657116,
  377229,
  1636624,
  143385,
  109551,
  169022,
  1065423,
  756952,
  469916,
  144656,
  134535,
  164559,
  57675,
  157611,
  162794,
  351289,
  377262,
  750513,
  282890,
  100155,
  169419,
  167151,
  65631,
  170786,
  414797,
  1450348,
  237265,
  703860,
  50672,
  1216680,
  94791,
  170751,
  60302,
  352623,
  1112077,
  623487,
  955228,
  237298,
  376426,
  144160,
  117183,
  52274,
  199662,
  1590250,
  423872,
  516051,
  133527,
  134211,
  108434,
  321518,
  547021,
  1023951,
  1145773,
  1193694,
  1262555,
  102027,
  138423,
  82767,
  136694,
  329262,
  1355868,
  142096,
  142260,
  143791,
  142078,
  142651,
  142681,
  142259,
  98535,
  172155,
  137559,
  75639,
  82623,
  75962,
  309823,
  2826,
  144750,
  142097,
  142169,
  142089,
  144747,
  142630,
  142163,
  142165,
  143159,
  142411,
  141876,
  143744,
  143740,
  141872,
  141874,
  144787,
  142414,
  98822,
  303375,
  1170397,
  1331069,
  1356992,
  936089,
  98571,
  76323,
  81687,
  78339,
  68547,
  68726,
  325405,
  1195022,
  377245,
  1303887,
  1228686,
  1497014,
  657206,
  750443,
  237248,
  50605,
  795977,
  100298,
  308526,
  1077036,
  842995,
  100442,
  287789,
  563818,
  1355870,
  101666,
  309854,
  36397,
  948783,
  1237789,
  1671950,
  156894,
  1170350,
  1402427,
  102315,
  73838,
  302079,
  1169101,
  1171694,
  311150,
  1519021,
  1023916,
  1075861,
  99938,
  322781,
  142740,
  99327,
  175502,
  315038,
  73951,
  143959,
  750519,
  563893,
  96062,
  102530,
  1206655,
  97317,
  1309058,
  143087,
  144139,
  143941,
  144122,
  143069,
  144069,
  143836,
  144058,
  144180,
  96843,
  145767,
  145983,
  143859,
  149367,
  147135,
  111639,
  149295,
  110847,
  144075,
  145083,
  144363,
  144866,
  414798,
  610528,
  797150,
  1356998,
  797147,
  750468,
  1169090,
  144101,
  144059,
  143065,
  143955,
  143996,
  143890,
  144196,
  143964,
  144875,
  144137,
  104834,
  265790,
  1250751,
  388911,
  1309071,
  38956,
  563872,
  797126,
  237285,
  1543654,
  143969,
  1030431,
  517220,
  1170379,
  1030434,
  937133,
  143959,
  936691,
  106707,
  120063,
  153939,
  159843,
  161138,
  299487,
  715501,
  73982,
  1258526,
  1328510,
  1373847,
  237300,
  377181,
  657198,
  375997,
  144736,
  115419,
  167871,
  97491,
  172371,
  91695,
  176079,
  130467,
  172011,
  172082,
  585903,
  1196317,
  1070606,
  89533,
  864541,
  970815,
  1287037,
  591055,
  190009,
  101559,
  147819,
  177950,
  340929,
  97316,
  1590328,
  1450337,
  1123770,
  1263711,
  1123743,
  3996,
  703838,
  1263707,
  750497,
  750494,
  1263736,
  190585,
  610531,
  657210,
  1403686,
  330597,
  1170399,
  4001,
  1030456,
  50654,
  610524,
  563867,
  1402469,
  144125,
  105986,
  344847,
  1434783,
  1316847,
  245055,
  181551,
  7887,
  335774,
  1653807,
  1320735,
  15663,
  1344063,
  1362207,
  1307775,
  460191,
  1368687,
  154335,
  1434783,
  1355727,
  470559,
  366879,
  1438671,
  131007,
  477039,
  1381647,
  811407,
  1384239,
  617007,
  907279,
  1356981,
  1077104,
  1217053,
  1030457,
  1496923,
  469706,
  115707,
  148359,
  68258,
  1508626,
  1170426,
  423872,
  797107,
  1635801,
  142617,
  127262,
  331869,
  189470,
  144058,
  102134,
  344847,
  229503,
  342255,
  131006,
  1678431,
  445935,
  141375,
  140079,
  15663,
  359103,
  1338879,
  276159,
  44175,
  222992,
  1496964,
  1029351,
  144993,
  144111,
  143087,
  144910,
  144026,
  143970,
  144139,
  144039,
  144129,
  103430,
  417422,
  683103,
  15663,
  410911,
  1355804,
  144139,
  143890,
  144106,
  142609,
  143955,
  143067,
  143853,
  104835,
  139286,
  344847,
  427791,
  1556607,
  378508,
  563876,
  1543649,
  1123740,
  563869,
  50656,
  1217042,
  1357029,
  516128,
  141737,
  128954,
  1240383,
  694735,
  1357031,
  1029181,
  54542,
  1301293,
  1491805,
  491262,
  1030450,
  562864,
  144942,
  131330,
  499069,
  964333,
  1174285,
  386288,
  1496994,
  1029386,
  142422,
  144758,
  141875,
  131223,
  142634,
  585903,
  229502,
  657183,
  233391,
  163406,
  672735,
  15663,
  423903,
  452414,
  1671951,
  220431,
  1541054,
  63615,
  36399,
  1469743,
  563867,
  1310371,
  1450332,
  703869,
  237280,
  657158,
  703845,
  283960,
  609440,
  102459,
  177375,
  110847,
  184646,
  364255,
  1450337,
  750520,
  1450337,
  376121,
  105230,
  344846,
  1671951,
  1590303,
  1579924,
  377244,
  703867,
  1262624,
  104907,
  146343,
  179931,
  180219,
  147531,
  152966,
  344847,
  254127,
  48063,
  140079,
  115455,
  377215,
  937150,
  1543650,
  282784,
  120746,
  296895,
  184143,
  220431,
  372032,
  1495867,
  144963,
  144017,
  144060,
  143941,
  143978,
  143525,
  144895,
  142647,
  144963,
  144897,
  145069,
  103106,
  417423,
  427791,
  7887,
  1551424,
  11775,
  162111,
  1438671,
  1337583,
  1579935,
  254127,
  1649889,
  236126,
  144115,
  145141,
  143885,
  143045,
  144122,
  143862,
  145065,
  145084,
  144865,
  144122,
  145160,
  103107,
  146019,
  143139,
  111351,
  177987,
  147027,
  144255,
  177447,
  141303,
  143535,
  179823,
  189398,
  501625,
  1123166,
  117434,
  1337582,
  794529,
  237312,
  1495984,
  115670,
  467968,
  44143,
  377273,
  470589,
  237313,
  377249,
  423928,
  1543622,
  703868,
  1636932,
  1215931,
  144897,
  144910,
  144141,
  143031,
  143844,
  106059,
  145731,
  111495,
  190731,
  189075,
  187095,
  189435,
  145011,
  146559,
  177915,
  145659,
  190551,
  149583,
  128162,
  444639,
  15663,
  162112,
  110271,
  1362207,
  254127,
  140080,
  73984,
  68764,
  563907,
  283937,
  143993,
  750525,
  1450363,
  749434,
  143031,
  105951,
  112071,
  188643,
  127983,
  185835,
  149222,
  464080,
  118046,
  689552,
  1077122,
  1029539,
  145249,
  107211,
  190190,
  203584,
  130976,
  1590300,
  283939,
  657217,
  563901,
  657180,
  1310342,
  144000,
  1030381,
  563873,
  1543677,
  237307,
  1449209,
  100695,
  179823,
  145011,
  184322,
  385023,
  151743,
  151744,
  33807,
  1678431,
  1546239,
  1550127,
  118047,
  7887,
  128416,
  178958,
  1104303,
  208767,
  7887,
  1464590,
  63604,
  377244,
  563904,
  1402543,
  100083,
  144183,
  112287,
  193287,
  186770,
  202287,
  366879,
  276159,
  1585119,
  1598078,
  672735,
  19551,
  1661551,
  1355863,
  144058,
  145130,
  145220,
  106491,
  192207,
  116283,
  156062,
  1224832,
  123231,
  191919,
  1521593,
  97348,
  843842,
  1355781,
  143047,
  145172,
  105663,
  143607,
  144471,
  186734,
  1372574,
  1250750,
  657184,
  277456,
  180255,
  128415,
  7888,
  217840,
  229503,
  151743,
  131007,
  1443855,
  1557903,
  427791,
  264496,
  317600,
  423900,
  703839,
  4031,
  1403713,
  189372,
  143964,
  143079,
  144884,
  144045,
  144017,
  144989,
  143947,
  143973,
  143871,
  145204,
  103070,
  329295,
  158223,
  335776,
  147855,
  464079,
  1349247,
  7888,
  312436,
  470555,
  1636956,
  283544,
  145372,
  145244,
  145309,
  145376,
  145311,
  145379,
  114411,
  194871,
  63326,
  191919,
  261903,
  237280,
  307231,
  889378,
  145280,
  143998,
  145357,
  103106,
  296895,
  1438671,
  366880,
  248917,
  937094,
  143941,
  890500,
  1496643,
  144115,
  129891,
  194186,
  1158735,
  1546239,
  1434783,
  1459375,
  1356987,
  610557,
  796007,
  145225,
  103430,
  213950,
  657183,
  19551,
  1438671,
  342255,
  1346655,
  1438672,
  355216,
  334479,
  1366095,
  1434784,
  50655,
  1579935,
  427790,
  672736,
  327967,
  889407,
  144895,
  144177,
  144920,
  145367,
  143069,
  144002,
  145306,
  145436,
  145375,
  103107,
  194727,
  110271,
  192386,
  1025212,
  703874,
  1310304,
  1450369,
  842742,
  145282,
  143018,
  101559,
  111999,
  140979,
  195879,
  183855,
  111999,
  144183,
  144363,
  145983,
  111999,
  111639,
  198542,
  364252,
  190622,
  797126,
  703839,
  237281,
  423939,
  283934,
  1357061,
  750445,
  563906,
  703836,
  1263707,
  1310367,
  423907,
  330634,
  890501,
  1217055,
  4024,
  50692,
  1309232,
  102459,
  187995,
  143750,
  444639,
  427780,
  377275,
  283966,
  423940,
  1075946,
  145522,
  144219,
  144069,
  143850,
  145518,
  106923,
  194582,
  414832,
  120640,
  370759,
  237321,
  1403101,
  106922,
  467966,
  1351801,
  702793,
  98463,
  179931,
  146091,
  188822,
  352591,
  1450365,
  237276,
  1310396,
  283967,
  1636961,
  1123739,
  1636997,
  936024,
  143855,
  143978,
  145280,
  144120,
  143868,
  145042,
  105447,
  112287,
  143175,
  191018,
  395391,
  131007,
  264496,
  417392,
  423905,
  1123718,
  1077130,
  657219,
  1450360,
  1450374,
  1635895,
  143862,
  145220,
  145592,
  144889,
  143955,
  143978,
  145134,
  145089,
  129891,
  190731,
  198686,
  489998,
  688288,
  287818,
  563846,
  1403278,
  134859,
  112647,
  122619,
  112719,
  155667,
  120567,
  112863,
  156459,
  131474,
  1434783,
  73982,
  937095,
  1356769,
  105159,
  113222,
  414831,
  706406,
  190476,
  143189,
  98967,
  125823,
  131475,
  114735,
  113871,
  121143,
  123014,
  587198,
  1130222,
  807518,
  819182,
  1106896,
  641630,
  776393,
  750504,
  657157,
  144013,
  1543623,
  1076448,
  143158,
  143326,
  145652,
  143184,
  143193,
  143179,
  143470,
  145649,
  143133,
  143168,
  141745,
  145661,
  112035,
  53319,
  115671,
  116031,
  205635,
  113295,
  178527,
  153218,
  587198,
  768640,
  666256,
  675328,
  685693,
  369449,
  750421,
  610574,
  144014,
  1403725,
  1590285,
  4046,
  3984,
  1637006,
  750542,
  190599,
  703826,
  96325,
  109623,
  168158,
  601456,
  701245,
  303374,
  823049,
  1309413,
  145697,
  143031,
  141523,
  141341,
  144324,
  134427,
  63975,
  48711,
  116643,
  203655,
  125175,
  167511,
  130719,
  116859,
  117003,
  128631,
  116894,
  951375,
  549615,
  950047,
  890391,
  1169940,
  130467,
  117399,
  204303,
  206858,
  1103007,
  1123741,
  693470,
  877503,
  1117238,
  563902,
  1263719,
  1542747,
  143244,
  103035,
  118011,
  206643,
  123986,
  951375,
  764733,
  1496971,
  470537,
  1123760,
  1170389,
  749795,
  144426,
  141848,
  143281,
  144085,
  144313,
  105195,
  208443,
  204159,
  118947,
  201675,
  119811,
  205239,
  120351,
  185043,
  170930,
  351326,
  911200,
  711613,
  344840,
  3980,
  237294,
  376505,
  143637,
  118910,
  832144,
  723255,
  983023,
  145766,
  145790,
  144677,
  143304,
  103071,
  52995,
  165531,
  155487,
  118551,
  119126,
  203581,
  99904,
  841214,
  926749,
  77872,
  837326,
  1109488,
  813993,
  1077137,
  190549,
  983757,
  143906,
  517226,
  937134,
  190599,
  376482,
  109766,
  1065422,
  996714,
  703821,
  703422,
  141828,
  144603,
  143335,
  120495,
  154047,
  112935,
  122042,
  859358,
  1017470,
  1174264,
  190605,
  1496356,
  141366,
  143517,
  145830,
  131078,
  1000624,
  635150,
  1074494,
  1012287,
  778984,
  470542,
  377297,
  516600,
  144706,
  118730,
  1040776,
  843821,
  983759,
  703234,
  143373,
  143375,
  109659,
  121791,
  122798,
  1495694,
  1065423,
  289118,
  1069291,
  4051,
  470570,
  3939,
  1497007,
  516444,
  143394,
  143196,
  123303,
  122295,
  123519,
  113007,
  123627,
  209271,
  123698,
  1095229,
  312418,
  1496387,
  144531,
  123987,
  48639,
  158187,
  213194,
  626078,
  1110748,
  563858,
  563924,
  96813,
  143513,
  145674,
  126146,
  725872,
  772516,
  190643,
  329455,
  145535,
  103106,
  320223,
  1546239,
  1346656,
  365556,
  422742,
  144289,
  107031,
  207615,
  148214,
  754360,
  842115,
  207506,
  350032,
  998023,
  236110,
  144634,
  135830,
  1436053,
  983417,
  113799,
  127371,
  161031,
  168230,
  350030,
  813998,
  937092,
  797205,
  1217069,
  143975,
  609791,
  145713,
  144505,
  135255,
  168266,
  1132795,
  237291,
  1263472,
  116895,
  208335,
  156063,
  156134,
  587137,
  120027,
  170570,
  1178158,
  1497008,
  982639,
  120818,
  1617517,
  532739,
  1542691,
  144364,
  115599,
  169922,
  350011,
  4015,
  1215801,
  101486,
  587146,
  119739,
  157070,
  623467,
  237334,
  470533,
  142744,
  144574,
  135830,
  832144,
  1078373,
  97320,
  796433,
  95294,
  667517,
  1123160,
  117939,
  51014,
  469228,
  1123160,
  141609,
  144325,
  146002,
  144675,
  141841,
  138422,
  894317,
  1450388,
  470064,
  121107,
  169130,
  797136,
  797180,
  562859,
  122223,
  66674,
  1174273,
  144024,
  190604,
  1590228,
  1170446,
  937139,
  282799,
  101306,
  1000596,
  889964,
  124274,
  1141888,
  1117255,
  516611,
  145981,
  133886,
  1170400,
  876201,
  423489,
  141806,
  117183,
  48063,
  206462,
  1483998,
  283409,
  109551,
  162218,
  1649884,
  563297,
  141293,
  107714,
  287807,
  236323,
  146011,
  98965,
  843797,
  1636389,
  146011,
  145976,
  118117,
  516354,
  145633,
  143640,
  143918,
  144631,
  143921,
  145440,
  114195,
  160383,
  142563,
  96194,
  254093,
  1635749,
  101342,
  261869,
  935887,
  99254,
  285229,
  1079644,
  935881,
  100983,
  133202,
  285230,
  18222,
  97304,
  750464,
  657207,
  750522,
  470551,
  610496,
  470528,
  563866,
  1636928,
  330539,
  236075,
  101163,
  138134,
  226878,
  142731,
  100659,
  88743,
  182343,
  97563,
  82515,
  93135,
  93207,
  93278,
  193181,
  935924,
  100514,
  222988,
  1449101,
  142056,
  142054,
  142711,
  101306,
  259312,
  1245534,
  283885,
  703789,
  797101,
  890484,
  1450331,
  50627,
  1030376,
  1075854,
  101126,
  261902,
  469263,
  1209278,
  1531983,
  1213165,
  1621372,
  1262476,
  100838,
  283901,
  1030376,
  1077109,
  97333,
  190570,
  330538,
  423925,
  657178,
  329504,
  143772,
  142515,
  99218,
  255389,
  749284,
  101199,
  133563,
  73911,
  135039,
  96086,
  740092,
  470581,
  1403635,
  1543606,
  1263733,
  329865,
  143722,
  144762,
  143817,
  143762,
  144747,
  143764,
  142679,
  100299,
  175215,
  81434,
  206142,
  96075,
  143659,
  142800,
  142023,
  114734,
  308557,
  1268893,
  1328509,
  974672,
  1496952,
  1123707,
  330582,
  1636953,
  797120,
  1402518,
  142078,
  100658,
  277422,
  2806,
  101235,
  62354,
  364285,
  1638222,
  236020,
  144096,
  116498,
  329295,
  1651215,
  1651216,
  604048,
  554764,
  563871,
  517190,
  144008,
  795901,
  104907,
  177915,
  187959,
  149151,
  143535,
  149547,
  197426,
  351294,
  610526,
  1263712,
  1217097,
  702744,
  143087,
  145223,
  105447,
  143966,
  344848,
  163407,
  1591600,
  88239,
  44175,
  1320735,
  342255,
  158223,
  1346655,
  1495693,
  1182063,
  151744,
  343550,
  593645,
  377281,
  1497036,
  657209,
  563846,
  703840,
  1217117,
  1635799,
  144963,
  144026,
  145554,
  103107,
  150843,
  132699,
  219891,
  145407,
  199515,
  225362,
  344847,
  1307776,
  410933,
  703865,
  470564,
  1263707,
  1310392,
  50630,
  703845,
  703870,
  190623,
  1496995,
  657228,
  1077127,
  843832,
  1309226,
  145496,
  104007,
  198975,
  139215,
  177159,
  111639,
  145767,
  196059,
  194043,
  147027,
  110847,
  225938,
  427791,
  229502,
  631264,
  1424416,
  486111,
  1434783,
  416127,
  1476256,
  418718,
  659775,
  184144,
  322815,
  1598079,
  366879,
  229503,
  1603264,
  527582,
  598831,
  517279,
  750530,
  843849,
  1170202,
  145310,
  145568,
  146278,
  145313,
  145571,
  145315,
  141727,
  103827,
  139647,
  143355,
  180831,
  140187,
  183135,
  111495,
  141195,
  128055,
  153003,
  192999,
  145083,
  149547,
  201243,
  200127,
  176655,
  147243,
  196310,
  349996,
  983771,
  1636984,
  50719,
  1450373,
  983777,
  1030435,
  657246,
  1263754,
  1636956,
  563480,
  146231,
  104907,
  144255,
  149763,
  149151,
  151851,
  144255,
  191774,
  385023,
  1320735,
  1438672,
  1516399,
  936063,
  145235,
  146302,
  145367,
  146289,
  143939,
  145500,
  145308,
  145502,
  145655,
  118443,
  201639,
  117507,
  229323,
  185690,
  329294,
  675327,
  1307776,
  405760,
  383692,
  563871,
  657209,
  703835,
  1077088,
  1217030,
  797195,
  1449424,
  144910,
  144069,
  145614,
  145329,
  145220,
  143850,
  145150,
  145358,
  145220,
  143964,
  145371,
  145084,
  145130,
  144897,
  146274,
  146240,
  143955,
  143981,
  145130,
  142647,
  144052,
  129891,
  202863,
  123987,
  184467,
  149619,
  226623,
  147243,
  141195,
  202322,
  203583,
  40288,
  1603264,
  467967,
  185439,
  115456,
  346144,
  124528,
  1534553,
  97343,
  469357,
  143996,
  144052,
  146318,
  145230,
  143079,
  143955,
  146306,
  125499,
  176655,
  140511,
  213843,
  193863,
  177447,
  110847,
  145011,
  143031,
  191235,
  147243,
  232347,
  183855,
  180327,
  184251,
  188967,
  201027,
  140007,
  147135,
  197967,
  146271,
  111495,
  177914,
  1316848,
  1526767,
  842629,
  143975,
  143087,
  145286,
  145358,
  144186,
  143525,
  144906,
  145089,
  146287,
  102783,
  187239,
  194367,
  176655,
  144471,
  225758,
  350032,
  1611011,
  190660,
  935868,
  144039,
  144139,
  146418,
  145230,
  145280,
  143975,
  145599,
  110883,
  179931,
  112071,
  235514,
  620895,
  128414,
  659776,
  1635664,
  390209,
  53248,
  189326,
  1653807,
  416127,
  7889,
  70063,
  983775,
  3974,
  797221,
  49405,
  99579,
  111999,
  111567,
  235803,
  59151,
  149295,
  233787,
  180831,
  144183,
  147639,
  227631,
  186951,
  147639,
  151527,
  235659,
  233067,
  235407,
  233138,
  127120,
  1656399,
  470559,
  115457,
  129712,
  1604560,
  744014,
  1385536,
  537950,
  1373873,
  72686,
  701248,
  462765,
  282693,
  145424,
  102891,
  214023,
  192999,
  146343,
  140511,
  237099,
  194043,
  143607,
  177447,
  201387,
  231663,
  139755,
  140187,
  229754,
  1158735,
  19550,
  1678432,
  382405,
  937125,
  843850,
  1217028,
  1217054,
  657188,
  330587,
  1217098,
  97285,
  890462,
  1357094,
  609308,
  144177,
  146321,
  145217,
  143069,
  145404,
  143065,
  146253,
  146298,
  144912,
  143862,
  143525,
  146472,
  145909,
  143079,
  144052,
  145584,
  107751,
  201458,
  364288,
  536656,
  455008,
  372063,
  305944,
  190664,
  96666,
  99579,
  235587,
  232887,
  151563,
  144363,
  190335,
  230654,
  344848,
  166000,
  1589008,
  260607,
  366879,
  1651216,
  1500847,
  97311,
  4042,
  610526,
  890438,
  143968,
  1217128,
  1029296,
  98643,
  112287,
  176906,
  444639,
  335775,
  416128,
  115456,
  1564383,
  1438672,
  592383,
  1471071,
  1349247,
  131008,
  609229,
  471854,
  659776,
  88241,
  168559,
  842751,
  144115,
  143957,
  145479,
  144219,
  146455,
  144110,
  136623,
  239331,
  116715,
  196887,
  239439,
  229215,
  239511,
  190155,
  229323,
  138854,
  585903,
  181551,
  1546241,
  15662,
  1104304,
  1586415,
  102495,
  118047,
  426496,
  151742,
  593644,
  983800,
  1543649,
  1543713,
  843878,
  657185,
  144001,
  1497059,
  657117,
  1077086,
  1263707,
  1403717,
  49519,
  103503,
  149547,
  177447,
  238250,
  203584,
  261905,
  238574,
  618302,
  1669359,
  181551,
  1307777,
  105056,
  1590290,
  1357023,
  797219,
  1355804,
  143868,
  145013,
  144912,
  144026,
  145407,
  143523,
  145067,
  145177,
  143899,
  145628,
  106203,
  141663,
  243542,
  1559164,
  936820,
  145879,
  143031,
  101307,
  141843,
  178815,
  56667,
  141987,
  153794,
  500367,
  588494,
  697359,
  1512543,
  81759,
  1402385,
  71393,
  2704,
  825664,
  461489,
  400554,
  423894,
  1077090,
  1077024,
  375983,
  129891,
  151851,
  236775,
  191631,
  176295,
  203187,
  111495,
  238610,
  344848,
  510733,
  471856,
  165999,
  237280,
  1521615,
  1579935,
  344848,
  379838,
  1662879,
  162111,
  7889,
  280012,
  609285,
  144020,
  102891,
  245378,
  329295,
  181552,
  1678431,
  118047,
  416127,
  344849,
  435533,
  377222,
  703840,
  1543725,
  562747,
  144910,
  144139,
  146354,
  146383,
  98931,
  191235,
  235911,
  127983,
  192927,
  238359,
  110271,
  227091,
  219855,
  241598,
  859359,
  1646033,
  438127,
  1123821,
  3995,
  1077123,
  937094,
  1077165,
  1497029,
  983779,
  330593,
  1030505,
  470602,
  562730,
  146610,
  146240,
  146517,
  102891,
  237818,
  1158735,
  427791,
  229505,
  158213,
  703838,
  1357049,
  470625,
  1263749,
  983774,
  1356998,
  237341,
  1403746,
  1263738,
  1263737,
  423899,
  1310392,
  1450331,
  1637026,
  284011,
  283971,
  1496992,
  1170472,
  4036,
  142716,
  146716,
  146830,
  143523,
  145132,
  104475,
  194763,
  246495,
  233390,
  203535,
  106311,
  182631,
  191883,
  190407,
  194043,
  176655,
  239078,
  436863,
  184143,
  19553,
  506821,
  517290,
  1637037,
  749431,
  144052,
  143884,
  146533,
  98463,
  191235,
  185835,
  240914,
  349996,
  1403705,
  470563,
  330659,
  1029294,
  100695,
  146343,
  185835,
  231914,
  416092,
  563903,
  982662,
  145514,
  143862,
  143996,
  146490,
  104007,
  144471,
  147315,
  235947,
  198867,
  194079,
  248007,
  183315,
  112395,
  229106,
  474448,
  615711,
  479601,
  1590349,
  470606,
  1495904,
  143100,
  143282,
  143102,
  145918,
  143105,
  133203,
  161138,
  883959,
  1356453,
  143230,
  141552,
  145646,
  112035,
  123123,
  155162,
  587200,
  456276,
  703887,
  937167,
  375997,
  144628,
  146943,
  145797,
  145692,
  145705,
  146948,
  143142,
  145756,
  145973,
  145685,
  116175,
  206139,
  95906,
  814001,
  378545,
  645521,
  655888,
  668849,
  340937,
  750542,
  1637042,
  610575,
  330674,
  703816,
  4082,
  237259,
  1497038,
  1077170,
  377223,
  703887,
  1170446,
  1543625,
  377330,
  1170377,
  1543730,
  423884,
  1543624,
  1030419,
  50738,
  1450312,
  143945,
  656047,
  144686,
  136622,
  663664,
  1018766,
  798449,
  679216,
  677919,
  899534,
  775120,
  1086160,
  724577,
  671429,
  843856,
  703143,
  144440,
  118731,
  218991,
  158187,
  207146,
  823072,
  741422,
  1315532,
  657232,
  3478,
  145730,
  98967,
  116931,
  162399,
  253875,
  207579,
  66711,
  121791,
  207723,
  118119,
  207794,
  785489,
  723277,
  334452,
  890404,
  656688,
  115526,
  894350,
  881373,
  563879,
  1029183,
  145753,
  98967,
  253226,
  852880,
  854176,
  628665,
  1123681,
  610579,
  657232,
  1542959,
  144935,
  145804,
  141411,
  144593,
  145782,
  142270,
  144286,
  111747,
  250886,
  1065422,
  920270,
  1035617,
  781600,
  808813,
  773825,
  785486,
  1077089,
  789376,
  1082271,
  1062833,
  775118,
  868431,
  903412,
  1450316,
  377332,
  1310444,
  517301,
  377298,
  563922,
  97383,
  144017,
  1356622,
  145807,
  136694,
  836010,
  330065,
  147086,
  145854,
  145778,
  143384,
  144593,
  143315,
  147058,
  143317,
  145816,
  98967,
  205742,
  1065422,
  987661,
  427790,
  912494,
  706432,
  871001,
  97362,
  1216416,
  145828,
  144501,
  145831,
  128774,
  983776,
  903423,
  636448,
  1131517,
  241159,
  1357075,
  143949,
  190707,
  1590317,
  1590311,
  1216420,
  147061,
  145847,
  145834,
  116211,
  162615,
  116211,
  47630,
  1030399,
  890392,
  144019,
  1030484,
  517267,
  1123760,
  1217107,
  1217050,
  97395,
  1590355,
  1355974,
  145867,
  103035,
  204843,
  155162,
  1093916,
  657238,
  843790,
  330644,
  189856,
  145878,
  116534,
  1084861,
  190624,
  1178154,
  190711,
  843836,
  703892,
  983704,
  190708,
  1169848,
  144706,
  144324,
  147164,
  143306,
  126147,
  213447,
  215822,
  1460704,
  969520,
  1148366,
  876208,
  973387,
  283988,
  1543695,
  517296,
  49518,
  102207,
  149547,
  240626,
  1327217,
  784191,
  285231,
  1508653,
  408351,
  1515107,
  189310,
  145107,
  145020,
  95222,
  1075789,
  344815,
  937137,
  1590317,
  1636971,
  563050,
  99615,
  159843,
  219351,
  56127,
  153471,
  148431,
  237423,
  213338,
  740126,
  1541056,
  1344062,
  1543647,
  1144477,
  1038173,
  1356964,
  1637021,
  610229,
  146196,
  142415,
  144840,
  143592,
  98535,
  92666,
  329293,
  1140558,
  982623,
  142234,
  101919,
  174279,
  73659,
  224427,
  224967,
  134642,
  206141,
  797142,
  1217007,
  1123737,
  703796,
  1356970,
  96120,
  101343,
  136551,
  221403,
  137019,
  93278,
  194512,
  1270156,
  935876,
  100514,
  272237,
  1355827,
  101234,
  212656,
  1350541,
  1290928,
  1281856,
  1231310,
  1465887,
  1172993,
  1010992,
  1306477,
  1042096,
  1309040,
  1495748,
  142297,
  98679,
  134714,
  254093,
  983769,
  1542452,
  143688,
  146176,
  143746,
  146149,
  143697,
  146137,
  143700,
  141872,
  146163,
  143720,
  141866,
  143708,
  98859,
  134751,
  75279,
  133346,
  268382,
  378542,
  1633069,
  1671949,
  1299998,
  70061,
  1215861,
  142669,
  146203,
  143708,
  143693,
  144772,
  143740,
  143731,
  146101,
  142877,
  143717,
  147222,
  98859,
  138314,
  225580,
  1123735,
  1357114,
  470651,
  1590264,
  236021,
  99470,
  213952,
  1244236,
  1449139,
  100550,
  255421,
  1023917,
  1215812,
  101306,
  265791,
  142637,
  1590324,
  1636988,
  1217048,
  797173,
  1590296,
  1636952,
  750490,
  1262523,
  99434,
  276158,
  138749,
  1402495,
  101234,
  191919,
  1645999,
  1450337,
  1123747,
  657264,
  1030507,
  517216,
  1543675,
  563867,
  1310354,
  1357023,
  517280,
  469449,
  145266,
  144052,
  146669,
  145470,
  145236,
  145550,
  146594,
  145512,
  96843,
  246819,
  230079,
  200630,
  344849,
  552192,
  1403711,
  657158,
  703911,
  1216127,
  144966,
  143047,
  147371,
  131439,
  144471,
  145011,
  267195,
  231663,
  241923,
  140619,
  177987,
  248726,
  340961,
  1191124,
  470589,
  329450,
  146468,
  104835,
  260786,
  414832,
  131009,
  342255,
  1666767,
  29920,
  1439967,
  131007,
  1346657,
  349996,
  563870,
  1263686,
  1077117,
  1403720,
  610528,
  1543689,
  1029361,
  144895,
  143998,
  146766,
  110559,
  182919,
  143859,
  236343,
  245595,
  266691,
  240662,
  427791,
  416126,
  683105,
  1182029,
  1170401,
  1030456,
  1543711,
  1262586,
  98931,
  267159,
  231050,
  1372574,
  1678430,
  631265,
  512033,
  281345,
  133599,
  168592,
  1524207,
  185439,
  276159,
  128416,
  1569558,
  1357098,
  469754,
  146561,
  146394,
  146755,
  146396,
  143925,
  146339,
  145187,
  144897,
  144115,
  146597,
  144910,
  145482,
  143843,
  146557,
  147453,
  146263,
  143871,
  143981,
  146538,
  144165,
  144910,
  144895,
  146910,
  146403,
  145049,
  145130,
  146914,
  146893,
  143855,
  143973,
  145461,
  143412,
  143981,
  143945,
  145430,
  146359,
  144069,
  143862,
  147420,
  146661,
  102891,
  149547,
  231627,
  59151,
  144363,
  144255,
  233571,
  250095,
  146343,
  198003,
  127983,
  144471,
  230295,
  237243,
  201495,
  241491,
  231303,
  233319,
  248367,
  211827,
  199442,
  1454188,
  610040,
  100083,
  151851,
  140511,
  266907,
  225795,
  147639,
  149295,
  268778,
  225615,
  154337,
  509439,
  1471071,
  229503,
  1349249,
  1226128,
  1564382,
  1678420,
  377341,
  1402532,
  143978,
  144026,
  146498,
  104007,
  179823,
  197211,
  139503,
  198327,
  269211,
  59763,
  190731,
  176367,
  149151,
  144255,
  111999,
  272738,
  417425,
  33808,
  1675839,
  464079,
  366879,
  162113,
  517217,
  953968,
  88239,
  220433,
  1415315,
  890521,
  890438,
  1357032,
  843889,
  330668,
  50663,
  143681,
  146742,
  143107,
  144636,
  98967,
  54075,
  154047,
  161139,
  244119,
  205023,
  244191,
  171578,
  751793,
  1242975,
  1008399,
  90833,
  1391983,
  1357100,
  1123778,
  1355845,
  143525,
  144115,
  146701,
  146232,
  98931,
  182919,
  190731,
  245126,
  1372575,
  366879,
  128417,
  1358321,
  340959,
  1651215,
  158225,
  1277933,
  1170398,
  1357024,
  797229,
  49560,
  143978,
  146568,
  145262,
  104943,
  110955,
  271227,
  188967,
  179931,
  179931,
  270578,
  632559,
  416127,
  1349249,
  110236,
  983779,
  1450361,
  470630,
  1355759,
  144186,
  144139,
  146494,
  146805,
  144017,
  145266,
  146686,
  147184,
  143945,
  143871,
  146705,
  147459,
  146920,
  146560,
  146677,
  146562,
  147464,
  144092,
  147522,
  147409,
  143890,
  144139,
  147442,
  109587,
  140979,
  178059,
  143247,
  147027,
  145767,
  242246,
  185440,
  569057,
  316335,
  265791,
  184143,
  36401,
  1268869,
  937121,
  143968,
  1217056,
  1030469,
  797252,
  1217150,
  610530,
  1403680,
  1543675,
  1357051,
  890552,
  889319,
  146854,
  146898,
  145280,
  146651,
  144055,
  144122,
  143975,
  147183,
  146550,
  145540,
  146819,
  144071,
  144115,
  144865,
  146902,
  99039,
  269715,
  207759,
  269787,
  271839,
  160599,
  239583,
  236379,
  177375,
  146559,
  233858,
  632560,
  523694,
  591089,
  251503,
  657187,
  330690,
  49518,
  98463,
  144471,
  176295,
  240374,
  642928,
  1447744,
  1542351,
  238577,
  1303889,
  1559167,
  377342,
  890437,
  1636955,
  1077159,
  937154,
  424004,
  1123745,
  1030432,
  797248,
  1123806,
  50719,
  657286,
  517216,
  1590278,
  143992,
  330617,
  563896,
  517240,
  1450414,
  1263322,
  145266,
  143067,
  147386,
  147652,
  146391,
  146333,
  147709,
  146866,
  147711,
  146397,
  125858,
  243758,
  675327,
  158225,
  1363505,
  1653807,
  1320736,
  602751,
  258016,
  1395905,
  366878,
  628670,
  1671950,
  659777,
  339665,
  318929,
  482222,
  667551,
  318928,
  147855,
  7889,
  1451604,
  937151,
  657179,
  1403775,
  1403755,
  517219,
  1450369,
  1497072,
  563845,
  190655,
  657187,
  1450413,
  1310372,
  1030512,
  1215746,
  147677,
  102675,
  147639,
  112287,
  279578,
  455007,
  344847,
  229505,
  496481,
  953967,
  162112,
  76577,
  1635663,
  1512514,
  1217117,
  1170475,
  517215,
  656792,
  147734,
  146241,
  147740,
  147802,
  105663,
  176655,
  268599,
  188967,
  151347,
  109983,
  246711,
  282819,
  236343,
  148863,
  198147,
  139971,
  242103,
  235191,
  246351,
  202503,
  237027,
  236918,
  417424,
  443345,
  343553,
  1524207,
  335775,
  128417,
  1548830,
  1104303,
  44177,
  252831,
  1368676,
  377246,
  797255,
  1215895,
  144069,
  144033,
  146529,
  146813,
  115419,
  267806,
  364287,
  1645997,
  377243,
  1636995,
  284032,
  1497092,
  190627,
  1450337,
  1030512,
  797125,
  190627,
  657208,
  517321,
  1450411,
  517216,
  797151,
  657284,
  1450367,
  517321,
  96002,
  147612,
  103503,
  183927,
  239727,
  152211,
  177915,
  110847,
  200667,
  200847,
  128055,
  268851,
  111495,
  145767,
  193107,
  139683,
  190659,
  280011,
  242103,
  140511,
  111639,
  285303,
  250095,
  269283,
  147099,
  147711,
  184287,
  279111,
  282495,
  148430,
  500369,
  1245567,
  15664,
  232094,
  1669359,
  254127,
  1320738,
  184108,
  563939,
  937224,
  1497027,
  330621,
  237283,
  1450438,
  1215813,
  145416,
  147731,
  143988,
  143884,
  147869,
  143947,
  143047,
  144963,
  147492,
  146903,
  147457,
  147909,
  143982,
  129891,
  286203,
  148827,
  143607,
  140511,
  282062,
  185439,
  1651215,
  19553,
  241169,
  1299998,
  1250751,
  158225,
  1553980,
  609367,
  146524,
  147412,
  137811,
  278607,
  254163,
  280587,
  199335,
  276807,
  237459,
  229358,
  966927,
  400577,
  445935,
  242463,
  1328513,
  42881,
  63614,
  1662881,
  1327217,
  500367,
  330593,
  103790,
  644226,
  106383,
  1539761,
  536656,
  469263,
  150450,
  132303,
  265790,
  659776,
  572942,
  671441,
  1587714,
  168556,
  1403742,
  702779,
  143848,
  144069,
  144058,
  147770,
  146711,
  145220,
  145266,
  147754,
  147451,
  143079,
  143855,
  146485,
  106239,
  276662,
  519809,
  614417,
  802337,
  616985,
  470610,
  423980,
  237337,
  890545,
  657266,
  3984,
  983857,
  797158,
  889625,
  146980,
  108039,
  250959,
  113295,
  258483,
  252471,
  252651,
  252759,
  154443,
  204987,
  170283,
  252938,
  587201,
  706433,
  654593,
  712913,
  703840,
  780281,
  750015,
  146997,
  146978,
  146948,
  145941,
  146975,
  143167,
  145698,
  148047,
  146967,
  145931,
  145702,
  147577,
  148040,
  148053,
  146999,
  145678,
  148037,
  143110,
  146959,
  146984,
  143115,
  146950,
  148031,
  143349,
  145704,
  148041,
  141281,
  109551,
  257727,
  251391,
  127479,
  291459,
  252795,
  291747,
  113618,
  814000,
  931937,
  677922,
  408354,
  386320,
  620896,
  644224,
  829526,
  1123857,
  142832,
  143231,
  147520,
  143290,
  109623,
  289767,
  254307,
  259202,
  751793,
  731054,
  836033,
  733646,
  1323326,
  843807,
  841192,
  283112,
  145923,
  147023,
  143340,
  145918,
  144354,
  103107,
  254127,
  239402,
  351328,
  763454,
  593682,
  451119,
  86941,
  335777,
  893039,
  1497076,
  563127,
  147038,
  141450,
  147040,
  147042,
  147044,
  117867,
  206931,
  208946,
  823073,
  780303,
  290414,
  969521,
  823053,
  703649,
  145898,
  143370,
  144448,
  147097,
  145769,
  111747,
  290091,
  218667,
  255423,
  208515,
  294051,
  119594,
  912497,
  829539,
  843892,
  1497107,
  144053,
  517196,
  144082,
  1310343,
  563957,
  703889,
  470549,
  1170485,
  843783,
  750545,
  4115,
  4085,
  1450275,
  1543361,
  118766,
  1079682,
  550910,
  836032,
  845076,
  797267,
  1590311,
  1170334,
  562925,
  143391,
  147096,
  148140,
  119594,
  948784,
  863247,
  899534,
  988937,
  1403665,
  1637010,
  1077107,
  236458,
  147109,
  141450,
  147111,
  127335,
  257619,
  153218,
  1012289,
  864544,
  642905,
  97363,
  4012,
  796144,
  147121,
  103035,
  204591,
  211466,
  976001,
  861954,
  558686,
  1033025,
  865815,
  470646,
  1636192,
  125823,
  141591,
  207003,
  124815,
  259095,
  67683,
  258159,
  214238,
  1045984,
  921569,
  900814,
  1030255,
  144506,
  122799,
  118407,
  211647,
  258626,
  1021361,
  915066,
  890349,
  147157,
  128955,
  258915,
  212979,
  293474,
  508126,
  890516,
  796136,
  145671,
  147169,
  107427,
  209775,
  125175,
  259383,
  124347,
  259491,
  124347,
  259598,
  859361,
  950079,
  828257,
  131005,
  1354431,
  106383,
  457599,
  838623,
  1404973,
  1507359,
  1557903,
  707729,
  979889,
  867137,
  987655,
  1355827,
  145111,
  107211,
  254379,
  131042,
  1224770,
  111711,
  164595,
  163875,
  208190,
  795853,
  1515117,
  563885,
  796015,
  141527,
  144228,
  127767,
  299127,
  208982,
  414819,
  937131,
  563902,
  1123863,
  423934,
  936630,
  106707,
  206607,
  252938,
  970813,
  259309,
  943587,
  843736,
  1495946,
  100911,
  293151,
  54615,
  154191,
  63219,
  56847,
  289730,
  894315,
  1589577,
  134534,
  223023,
  715487,
  843432,
  59730,
  699951,
  1079679,
  604050,
  703841,
  981183,
  496481,
  845103,
  1516434,
  712913,
  1482738,
  289087,
  843783,
  890390,
  283962,
  657244,
  1263804,
  4058,
  563900,
  1215802,
  142249,
  142266,
  102027,
  164774,
  352624,
  1363504,
  1331104,
  1337582,
  776380,
  1263674,
  1495789,
  146109,
  143683,
  144785,
  147285,
  146178,
  143787,
  147271,
  143790,
  148357,
  98463,
  74847,
  78338,
  322813,
  1016173,
  1364798,
  400573,
  1368685,
  1315553,
  1106894,
  68800,
  1275374,
  1476256,
  1279264,
  1320734,
  1337584,
  1235198,
  1630477,
  1494398,
  13070,
  1608413,
  1635769,
  99578,
  220430,
  1564349,
  1635754,
  101235,
  302223,
  260895,
  223995,
  224391,
  82479,
  221331,
  108542,
  364252,
  1170362,
  143958,
  1077148,
  1636919,
  1635710,
  100694,
  213950,
  1461964,
  377306,
  1450329,
  1263802,
  1170344,
  1496948,
  750488,
  190592,
  1450395,
  282744,
  101091,
  106454,
  287821,
  1515100,
  329359,
  99434,
  254128,
  1271452,
  1122533,
  101090,
  221726,
  1461964,
  702652,
  148270,
  142531,
  147294,
  142521,
  142523,
  142525,
  142543,
  103430,
  221726,
  97312,
  1381645,
  1079645,
  889220,
  100730,
  224318,
  1438637,
  889270,
  147250,
  147343,
  146148,
  148366,
  98895,
  304886,
  273532,
  1122501,
  146146,
  98895,
  133995,
  104079,
  172550,
  194477,
  1262508,
  100730,
  264460,
  1122543,
  146145,
  99471,
  93927,
  301971,
  264351,
  81507,
  81579,
  81651,
  175574,
  583277,
  1402489,
  101090,
  264462,
  49467,
  99615,
  67610,
  352588,
  1123805,
  1077122,
  1355899,
  143981,
  145266,
  147434,
  98463,
  177375,
  286923,
  111495,
  198759,
  284979,
  143031,
  194295,
  273099,
  234651,
  179823,
  139935,
  274863,
  148683,
  241958,
  340961,
  1503445,
  1310371,
  330593,
  750605,
  702692,
  146846,
  147381,
  105663,
  140979,
  276231,
  139683,
  225723,
  242859,
  111746,
  202287,
  427790,
  657185,
  1598079,
  1598080,
  359105,
  290415,
  185439,
  184142,
  631265,
  1288337,
  1630482,
  346143,
  672737,
  1386834,
  24738,
  93425,
  623489,
  151745,
  340961,
  1410159,
  283937,
  1524207,
  44176,
  166001,
  1415345,
  1498289,
  1355729,
  1528097,
  317632,
  243761,
  1647327,
  318930,
  1070607,
  368145,
  890465,
  144012,
  983771,
  1077088,
  1543647,
  1590374,
  1355845,
  145005,
  147404,
  144111,
  147948,
  145557,
  145217,
  143978,
  146471,
  143848,
  146900,
  148568,
  146859,
  144897,
  145280,
  147612,
  102207,
  110847,
  284547,
  271695,
  239367,
  271767,
  218739,
  276771,
  292503,
  276843,
  309242,
  296895,
  1349248,
  188034,
  1030431,
  1366096,
  176367,
  1471071,
  264495,
  335777,
  435537,
  657187,
  49511,
  148543,
  103106,
  265792,
  1653810,
  1100414,
  1653807,
  237281,
  190622,
  654591,
  264494,
  659777,
  1666768,
  549618,
  1088753,
  1609744,
  84354,
  85649,
  1202798,
  1653807,
  181551,
  184144,
  1500844,
  190655,
  657210,
  1263814,
  890534,
  1403745,
  424010,
  703841,
  1636934,
  143992,
  50764,
  843912,
  703954,
  1590319,
  143908,
  330719,
  1543752,
  937216,
  470594,
  1357119,
  890574,
  1029287,
  146796,
  144122,
  148625,
  147624,
  144875,
  144017,
  147953,
  143032,
  143087,
  143525,
  147670,
  145305,
  144048,
  143065,
  147359,
  146569,
  144055,
  143081,
  147775,
  146263,
  144895,
  145280,
  148525,
  146359,
  143850,
  144910,
  146255,
  145151,
  144017,
  143087,
  146784,
  98643,
  282675,
  190875,
  112178,
  202289,
  1677137,
  38991,
  278750,
  659775,
  44177,
  952674,
  1045986,
  20850,
  605346,
  1114673,
  1315554,
  1117266,
  290417,
  303341,
  377272,
  1543643,
  1403776,
  97382,
  470670,
  1123849,
  144003,
  330591,
  4001,
  144096,
  656081,
  146268,
  146250,
  147992,
  146593,
  96843,
  284474,
  243759,
  220431,
  1546242,
  137489,
  49359,
  344847,
  1434785,
  1620079,
  1450360,
  50691,
  937222,
  1217181,
  424033,
  283960,
  563905,
  1357025,
  143995,
  4001,
  890438,
  143967,
  4093,
  563913,
  797231,
  657314,
  563909,
  1636988,
  4079,
  983604,
  99723,
  273819,
  243579,
  273891,
  289659,
  273963,
  252507,
  109803,
  274071,
  244047,
  274143,
  274214,
  350033,
  382432,
  1172991,
  77871,
  86945,
  394095,
  870991,
  890563,
  1357067,
  1077164,
  1030489,
  1263776,
  1636074,
  146797,
  147673,
  146529,
  146591,
  102783,
  177447,
  236198,
  213953,
  1642146,
  1242975,
  16959,
  1366094,
  672737,
  1643439,
  400574,
  675328,
  88241,
  105090,
  1008399,
  421314,
  1021358,
  637743,
  184143,
  1438671,
  451120,
  412239,
  151744,
  1509950,
  654591,
  416129,
  1224831,
  258015,
  1320734,
  675330,
  168557,
  1170400,
  797246,
  563951,
  703826,
  1357048,
  517318,
  1215895,
  148653,
  146475,
  148555,
  147914,
  144162,
  146280,
  143067,
  144963,
  148005,
  147879,
  148809,
  147885,
  144111,
  144177,
  145149,
  143848,
  146429,
  147902,
  143869,
  144026,
  145220,
  148529,
  103503,
  147206,
  344849,
  1182028,
  190667,
  1403789,
  50656,
  1077165,
  517344,
  843839,
  1637040,
  983905,
  937229,
  890574,
  889319,
  147734,
  99579,
  149295,
  149547,
  271443,
  269391,
  246063,
  288723,
  141303,
  143175,
  177555,
  310791,
  241455,
  231267,
  314751,
  286023,
  165171,
  197067,
  317523,
  145767,
  111567,
  320618,
  353919,
  220431,
  1349250,
  128380,
  563977,
  1170528,
  1450360,
  1170403,
  330566,
  797257,
  516062,
  144122,
  145130,
  147791,
  98643,
  149295,
  144255,
  315687,
  151095,
  271659,
  309351,
  143643,
  147639,
  150159,
  271298,
  427791,
  131008,
  194512,
  1439967,
  158222,
  1671954,
  163376,
  843918,
  1310473,
  329535,
  145265,
  146917,
  143999,
  143973,
  146516,
  148885,
  144512,
  147818,
  100083,
  192783,
  313671,
  199659,
  149295,
  140403,
  236342,
  366879,
  1438671,
  7890,
  1263714,
  1410,
  1071903,
  277454,
  610491,
  1636993,
  1496987,
  1637065,
  329372,
  143862,
  146224,
  143065,
  144058,
  144203,
  143843,
  146649,
  102783,
  316443,
  311583,
  145083,
  140403,
  279579,
  198111,
  313563,
  323858,
  436863,
  254127,
  1349250,
  1272785,
  1299999,
  276159,
  220433,
  1519026,
  277454,
  683103,
  276162,
  1371282,
  153039,
  1139298,
  772529,
  1244269,
  600127,
  1450332,
  1310363,
  1637058,
  937103,
  1123718,
  1077092,
  1543712,
  284040,
  1077092,
  377384,
  797152,
  657185,
  1123846,
  703914,
  1357059,
  283544,
  147803,
  148361,
  148868,
  96843,
  324290,
  585906,
  1294817,
  1303886,
  112863,
  184143,
  128417,
  1620077,
  377386,
  703971,
  1450335,
  1123770,
  1403775,
  144094,
  144102,
  657309,
  797222,
  1403653,
  890488,
  517291,
  469399,
  143884,
  147920,
  148881,
  147461,
  147655,
  148712,
  148660,
  133239,
  199478,
  1023919,
  1450337,
  1030428,
  1310471,
  1215813,
  144052,
  146608,
  144111,
  145400,
  147840,
  145084,
  143850,
  143975,
  148980,
  144010,
  148538,
  96843,
  307911,
  275007,
  312015,
  140439,
  185835,
  182919,
  315038,
  265791,
  416129,
  1439970,
  1157441,
  1662881,
  1496960,
  1590337,
  1496988,
  703915,
  469300,
  145220,
  143998,
  148001,
  148756,
  144142,
  148266,
  143999,
  146662,
  148856,
  144076,
  144940,
  143384,
  147465,
  107211,
  208083,
  181911,
  314823,
  159735,
  148467,
  182199,
  328539,
  148431,
  148539,
  194907,
  144471,
  111999,
  318422,
  385023,
  261902,
  1671954,
  276124,
  190659,
  283936,
  797291,
  329327,
  144963,
  145529,
  145217,
  144058,
  145266,
  147405,
  145329,
  145049,
  143981,
  148924,
  144060,
  143978,
  147734,
  148956,
  148930,
  148895,
  143964,
  143855,
  148529,
  145515,
  149086,
  148971,
  143031,
  103503,
  189075,
  328827,
  283899,
  288615,
  316083,
  147711,
  195087,
  320331,
  196815,
  314679,
  276699,
  309099,
  287931,
  328683,
  192459,
  241706,
  296897,
  1626594,
  1626591,
  163406,
  659775,
  1320738,
  333148,
  1403676,
  703864,
  1543755,
  1403721,
  1637027,
  1543785,
  1543631,
  1123779,
  283960,
  50723,
  1355899,
  143047,
  144122,
  149046,
  143996,
  144060,
  147758,
  109587,
  149547,
  176295,
  281631,
  318819,
  315399,
  146487,
  188967,
  185835,
  177915,
  329691,
  176295,
  331995,
  177987,
  112287,
  149295,
  270434,
  320224,
  477042,
  1537141,
  610660,
  563869,
  470692,
  657301,
  422871,
  146074,
  144309,
  148776,
  146072,
  141469,
  146746,
  145779,
  146748,
  148778,
  147590,
  146753,
  144941,
  148987,
  147594,
  148785,
  147597,
  142533,
  144096,
  141606,
  148854,
  147454,
  148802,
  100083,
  272955,
  325479,
  143031,
  140187,
  234075,
  111495,
  242030,
  340960,
  1398461,
  1170400,
  1217029,
  890562,
  749253,
  144865,
  145130,
  148802,
  98463,
  177915,
  151527,
  324435,
  140727,
  330771,
  272738,
  329295,
  1349247,
  264498,
  1263678,
  610524,
  517350,
  1170395,
  750495,
  797138,
  1357159,
  1449279,
  143955,
  144910,
  148005,
  148010,
  149147,
  148012,
  147196,
  143096,
  144635,
  145632,
  143101,
  108219,
  204015,
  295131,
  250707,
  299846,
  594951,
  1357110,
  237394,
  657295,
  1497073,
  1496920,
  237362,
  1077169,
  469580,
  146947,
  146967,
  146945,
  143266,
  144452,
  148077,
  148034,
  112035,
  260427,
  291855,
  332643,
  290811,
  291495,
  251283,
  251859,
  335702,
  351329,
  676625,
  719394,
  448526,
  791968,
  1106894,
  775122,
  418723,
  347442,
  440754,
  434273,
  661072,
  644226,
  563875,
  355219,
  339665,
  672738,
  382434,
  420018,
  378546,
  407059,
  364289,
  714206,
  773825,
  683107,
  211363,
  362994,
  432974,
  782873,
  1077064,
  1030545,
  1310516,
  190771,
  190678,
  1169620,
  148051,
  149326,
  149333,
  118047,
  254271,
  119019,
  253443,
  116319,
  114231,
  253551,
  168735,
  155703,
  207255,
  271731,
  211647,
  253767,
  317055,
  253839,
  253911,
  161643,
  117038,
  1065426,
  740129,
  744018,
  479634,
  1113340,
  610642,
  610501,
  144082,
  703927,
  1450435,
  1263210,
  148124,
  115419,
  293691,
  301143,
  214058,
  811385,
  750642,
  1217108,
  4048,
  1450316,
  330707,
  517301,
  1030481,
  610578,
  470509,
  1123829,
  424019,
  797236,
  1636005,
  149382,
  143445,
  148149,
  149385,
  145852,
  143256,
  147079,
  145778,
  145671,
  148156,
  145768,
  145784,
  147122,
  143620,
  141645,
  144505,
  145788,
  148164,
  147066,
  149319,
  147084,
  103035,
  339663,
  295095,
  320907,
  207003,
  256359,
  119991,
  256287,
  295310,
  848992,
  839922,
  545731,
  342259,
  486114,
  421313,
  838627,
  456305,
  842514,
  572942,
  1010993,
  848979,
  329826,
  144359,
  143445,
  147107,
  148194,
  148232,
  148308,
  147123,
  148213,
  148191,
  147128,
  148216,
  107211,
  296535,
  257439,
  211322,
  999328,
  714210,
  1252046,
  1026546,
  607939,
  460192,
  1141891,
  530165,
  843925,
  283195,
  148220,
  147134,
  149416,
  141290,
  141807,
  148226,
  123771,
  258230,
  571648,
  922866,
  631262,
  1066722,
  635152,
  861950,
  1010994,
  639040,
  937123,
  448511,
  190712,
  983828,
  377399,
  1450452,
  1263146,
  147162,
  144091,
  147164,
  148160,
  141771,
  145887,
  145892,
  107427,
  255135,
  259347,
  124238,
  797154,
  666255,
  935826,
  668825,
  97430,
  657281,
  1495855,
  146441,
  147959,
  148926,
  105159,
  328467,
  187743,
  324687,
  205311,
  108327,
  304311,
  305103,
  132987,
  134642,
  198401,
  1008402,
  854178,
  961742,
  6556,
  655944,
  101235,
  138387,
  263487,
  302943,
  134390,
  1437342,
  50181,
  143771,
  147309,
  148418,
  142559,
  148472,
  146103,
  144761,
  98678,
  217804,
  1309128,
  100658,
  254093,
  1075879,
  147333,
  142270,
  146126,
  100694,
  219100,
  1310367,
  96107,
  148429,
  99579,
  221834,
  260572,
  1215859,
  101018,
  261869,
  1357116,
  1357082,
  1355775,
  100515,
  344991,
  305823,
  173631,
  305895,
  136155,
  175251,
  223383,
  76214,
  217805,
  749257,
  99362,
  221692,
  1122537,
  100982,
  265757,
  1450395,
  517276,
  1077179,
  1636950,
  937211,
  1123802,
  842850,
  99435,
  345242,
  261868,
  1356981,
  4060,
  470511,
  1122506,
  142432,
  147331,
  146185,
  144951,
  98895,
  264674,
  287788,
  1122545,
  128667,
  134607,
  83847,
  264495,
  304419,
  302259,
  265575,
  302367,
  75531,
  262947,
  302007,
  135399,
  264423,
  81759,
  265934,
  1171664,
  1590305,
  144003,
  284065,
  469425,
  146484,
  149198,
  145151,
  144026,
  143945,
  149167,
  147724,
  147478,
  149083,
  144014,
  145220,
  144865,
  147882,
  99579,
  313455,
  319143,
  144507,
  185835,
  145550,
  436864,
  165998,
  1678432,
  1398495,
  1581234,
  1300000,
  1398463,
  1450367,
  657182,
  1263817,
  330733,
  50758,
  1357158,
  890594,
  937197,
  377358,
  50688,
  1263843,
  1450441,
  1077195,
  562736,
  145253,
  102459,
  144471,
  269175,
  242103,
  185835,
  202791,
  147135,
  151527,
  179931,
  348194,
  427791,
  158223,
  184145,
  1235201,
  1289631,
  127122,
  256718,
  1653806,
  1671951,
  131010,
  276163,
  120639,
  1437379,
  790670,
  112865,
  1449041,
  1200208,
  149152,
  166003,
  267089,
  566467,
  186736,
  167295,
  230799,
  158223,
  208770,
  1618817,
  1300001,
  416127,
  13070,
  1248159,
  416130,
  1231314,
  1673249,
  1633074,
  1675842,
  1542352,
  295602,
  27329,
  153040,
  495186,
  3999,
  342256,
  147857,
  41584,
  469263,
  44174,
  675329,
  1254639,
  1546240,
  88242,
  1420492,
  1403704,
  50652,
  1310502,
  749342,
  149045,
  148863,
  145161,
  144017,
  148873,
  147474,
  148699,
  146553,
  105663,
  146091,
  278355,
  268023,
  330771,
  287606,
  366882,
  996704,
  1263737,
  563896,
  1450334,
  1263851,
  1263845,
  610670,
  1357166,
  1590433,
  563922,
  1357167,
  49610,
  147407,
  149152,
  149506,
  98463,
  110847,
  143535,
  279183,
  274899,
  189075,
  179931,
  286347,
  110847,
  246207,
  188967,
  232995,
  320115,
  184179,
  112286,
  1316850,
  1642108,
  190622,
  1357020,
  1590379,
  469340,
  144033,
  143975,
  148802,
  99255,
  141195,
  179823,
  287606,
  265795,
  58434,
  327999,
  318927,
  44175,
  1346657,
  435534,
  610533,
  283960,
  1543781,
  656127,
  143868,
  144875,
  149686,
  149032,
  149058,
  149690,
  147573,
  146736,
  145626,
  149202,
  143905,
  149484,
  146741,
  149207,
  148773,
  149210,
  147587,
  149213,
  144091,
  148780,
  146027,
  147406,
  149217,
  148784,
  143927,
  149220,
  124743,
  194907,
  231735,
  288255,
  190767,
  276411,
  327243,
  139251,
  182919,
  182919,
  242715,
  334371,
  248979,
  349275,
  184179,
  144363,
  143859,
  312446,
  225617,
  1436081,
  204878,
  628673,
  1195026,
  1366095,
  147855,
  254130,
  1551426,
  1215762,
  1432194,
  1486627,
  265795,
  121898,
  1217182,
  1357085,
  1263843,
  1450439,
  937231,
  470638,
  144095,
  1170439,
  750659,
  237440,
  330740,
  1263816,
  797310,
  1590438,
  470695,
  1217215,
  49508,
  147649,
  148761,
  144023,
  143955,
  144865,
  147663,
  98463,
  275115,
  348303,
  177807,
  140403,
  177375,
  242247,
  282783,
  287751,
  329438,
  1372578,
  1524175,
  703841,
  890467,
  330588,
  703973,
  843804,
  1590464,
  797179,
  890469,
  283936,
  1496987,
  1077121,
  1497016,
  517323,
  1030431,
  890604,
  843937,
  1309311,
  145220,
  144963,
  148688,
  147958,
  143975,
  145280,
  146514,
  148708,
  149768,
  146334,
  148659,
  148556,
  141861,
  147659,
  125858,
  185439,
  184142,
  683107,
  837295,
  97286,
  703839,
  797257,
  1075854,
  144058,
  143868,
  146697,
  143046,
  147801,
  148672,
  147781,
  102783,
  348735,
  139503,
  144363,
  287391,
  180831,
  285735,
  311475,
  144507,
  239799,
  187022,
  444640,
  1390722,
  243760,
  600162,
  1537170,
  1486592,
  1590303,
  1590300,
  284034,
  750660,
  1077167,
  657342,
  1170509,
  1590304,
  1543643,
  1637117,
  1590461,
  1029295,
  148504,
  98931,
  128055,
  351831,
  188967,
  240483,
  283251,
  152211,
  308271,
  228999,
  111495,
  177375,
  177375,
  284763,
  189470,
  127119,
  1320738,
  76576,
  213954,
  103792,
  1670620,
  190760,
  937283,
  703870,
  190648,
  1543757,
  797214,
  1450332,
  1310512,
  610501,
  797126,
  237358,
  1590302,
  890463,
  1590305,
  1543774,
  1355967,
  143525,
  143525,
  148840,
  144072,
  143030,
  147450,
  149935,
  149885,
  149456,
  149292,
  103431,
  352947,
  229323,
  322851,
  143859,
  139755,
  289190,
  417427,
  902131,
  1200207,
  440751,
  1474963,
  855471,
  452415,
  1434784,
  1397198,
  1669359,
  158224,
  64881,
  610524,
  703871,
  797179,
  890499,
  284005,
  423899,
  1077167,
  377406,
  237304,
  1170426,
  1263821,
  3972,
  1543634,
  1357090,
  1170510,
  1077246,
  1309223,
  147878,
  105951,
  349706,
  340961,
  1496992,
  280051,
  865841,
  322818,
  1608450,
  771235,
  75282,
  156929,
  1498289,
  340960,
  550914,
  998030,
  63614,
  1250754,
  1158734,
  637745,
  1618819,
  865839,
  325407,
  1599379,
  131010,
  1292188,
  563939,
  563868,
  1123717,
  797185,
  1496966,
  144126,
  97285,
  190750,
  1450497,
  470561,
  1170401,
  1543647,
  1590461,
  1590469,
  517343,
  983905,
  1309148,
  144910,
  144017,
  148719,
  98643,
  177375,
  193467,
  243291,
  352155,
  322166,
  320227,
  1384202,
  1217217,
  1170406,
  424036,
  703972,
  470566,
  563858,
  143996,
  890398,
  890470,
  797158,
  1450317,
  330711,
  143981,
  144088,
  703820,
  422898,
  144242,
  126543,
  154011,
  317054,
  1189839,
  509439,
  628674,
  742722,
  505550,
  915089,
  1465887,
  758271,
  552208,
  970819,
  311154,
  760835,
  1170407,
  517225,
  797205,
  1637075,
  190631,
  703870,
  1263730,
  516388,
  144272,
  147025,
  144241,
  147092,
  146994,
  146931,
  108471,
  366842,
  904719,
  554797,
  692174,
  824368,
  990254,
  593679,
  563875,
  303350,
  703889,
  1449626,
  144428,
  148781,
  144430,
  118875,
  189975,
  160743,
  156207,
  160851,
  156351,
  160959,
  289910,
  753087,
  596275,
  71391,
  1125026,
  423912,
  1543650,
  190712,
  423924,
  423922,
  1450386,
  562914,
  150208,
  145907,
  144683,
  117183,
  157251,
  165279,
  255747,
  335127,
  169563,
  157502,
  1182067,
  445935,
  1095234,
  517218,
  766016,
  1497001,
  1263884,
  190672,
  377259,
  656287,
  144524,
  143105,
  141649,
  145988,
  141860,
  144654,
  144385,
  144350,
  144371,
  146028,
  148281,
  144376,
  150233,
  150161,
  145847,
  150236,
  137162,
  230799,
  683101,
  235987,
  1555315,
  1031727,
  688255,
  890494,
  1030413,
  1636970,
  1497000,
  1590419,
  1029344,
  144549,
  150254,
  144400,
  144512,
  144555,
  144515,
  150218,
  144458,
  144411,
  144503,
  144568,
  144523,
  144689,
  144732,
  150274,
  129567,
  167582,
  350032,
  1035608,
  1543819,
  1497000,
  423891,
  1263485,
  144431,
  145739,
  150195,
  103035,
  160815,
  274035,
  207975,
  156386,
  663667,
  321517,
  408355,
  1516435,
  221731,
  461489,
  930638,
  1016179,
  1537165,
  491295,
  812702,
  820479,
  773823,
  891762,
  701251,
  579427,
  140079,
  808815,
  782870,
  1637016,
  750509,
  330604,
  1543764,
  797327,
  563884,
  1263721,
  797165,
  1217105,
  330248,
  144476,
  150313,
  145819,
  149456,
  144492,
  144244,
  150323,
  148291,
  141769,
  103107,
  162723,
  121791,
  373035,
  56667,
  372783,
  299234,
  1148334,
  657197,
  1403855,
  890483,
  1123113,
  144520,
  150262,
  103431,
  370659,
  160167,
  373719,
  148143,
  163731,
  126795,
  373935,
  300926,
  1224830,
  119343,
  696067,
  1604559,
  1110783,
  918975,
  868436,
  33809,
  620895,
  873615,
  707727,
  877482,
  703854,
  1450315,
  937134,
  1590334,
  1263727,
  50637,
  1637080,
  1543821,
  1543662,
  377424,
  704012,
  890478,
  1077090,
  470734,
  190796,
  1123920,
  983791,
  937296,
  564016,
  1450513,
  424019,
  50673,
  4176,
  1402731,
  144570,
  130287,
  165783,
  367851,
  67431,
  165927,
  208010,
  1187246,
  998033,
  777693,
  563888,
  377421,
  1309230,
  144591,
  148112,
  103071,
  166431,
  156747,
  259419,
  373755,
  167115,
  375267,
  65631,
  376095,
  148143,
  208622,
  1235200,
  791972,
  28591,
  937136,
  1357039,
  283953,
  96484,
  144609,
  118875,
  171507,
  376598,
  518511,
  985075,
  611791,
  843825,
  377262,
  50710,
  1496178,
  144625,
  143385,
  144627,
  111243,
  167834,
  1283131,
  657201,
  983358,
  144636,
  107787,
  168122,
  1196320,
  1016174,
  215233,
  843825,
  1542974,
  144672,
  148204,
  141528,
  150227,
  148085,
  149323,
  141672,
  148025,
  141643,
  144658,
  150399,
  144644,
  112575,
  377715,
  366159,
  257367,
  169239,
  355250,
  521108,
  162111,
  797151,
  1113377,
  771235,
  1502176,
  627375,
  797155,
  1631775,
  943564,
  610546,
  1590483,
  1263438,
  144685,
  141372,
  145695,
  141675,
  144692,
  150172,
  148553,
  103035,
  170175,
  53715,
  170247,
  216435,
  379082,
  469263,
  1096528,
  887843,
  190643,
  983852,
  657203,
  1077268,
  889213,
  144710,
  144546,
  150437,
  144506,
  150482,
  144732,
  150517,
  144720,
  144429,
  98966,
  223024,
  768644,
  115423,
  890484,
  284117,
  4177,
  843989,
  143982,
  1030581,
  423844,
  1030570,
  890484,
  843828,
  1403700,
  1030452,
  1123795,
  1263832,
  1123695,
  1543737,
  657204,
  1450356,
  1543802,
  1123765,
  50677,
  143989,
  237372,
  563823,
  1310389,
  423849,
  3944,
  423925,
  610684,
  330683,
  1635707,
  144774,
  144776,
  142065,
  144778,
  144774,
  144954,
  144782,
  145119,
  144784,
  147284,
  149620,
  149573,
  149620,
  144794,
  144796,
  142013,
  144798,
  102387,
  173955,
  174027,
  93459,
  174243,
  81183,
  174459,
  174315,
  382071,
  174207,
  174135,
  174495,
  76466,
  309855,
  1246863,
  1249455,
  1252012,
  657206,
  1497014,
  1590255,
  1590327,
  4023,
  96152,
  144832,
  149532,
  148417,
  148402,
  143374,
  144839,
  142020,
  144842,
  109515,
  347691,
  221366,
  199695,
  1284447,
  1287039,
  1289631,
  1292228,
  353917,
  1248159,
  1296111,
  1298708,
  351294,
  1357047,
  1543729,
  1542500,
  147895,
  150089,
  103791,
  112071,
  110847,
  360506,
  243760,
  1412755,
  920271,
  110271,
  264495,
  254129,
  1508620,
  983774,
  1357028,
  517190,
  50652,
  1310504,
  1217057,
  890559,
  1357158,
  843807,
  283935,
  1496993,
  1543811,
  469425,
  143978,
  146886,
  144111,
  144910,
  143978,
  147791,
  100083,
  144471,
  177375,
  364970,
  455006,
  1671951,
  316334,
  1248160,
  985075,
  1367391,
  1380355,
  1014877,
  360399,
  1506063,
  477039,
  1386817,
  1077113,
  1356196,
  144931,
  150491,
  141281,
  149272,
  133671,
  178887,
  368030,
  203581,
  439455,
  850289,
  1242975,
  1410160,
  1366095,
  1414052,
  369475,
  734946,
  778972,
  190650,
  797173,
  1170426,
  936307,
  144958,
  146339,
  121862,
  417422,
  631265,
  361697,
  1607155,
  1055055,
  210064,
  1439967,
  154335,
  1651216,
  1398462,
  610527,
  657183,
  797229,
  562607,
  146400,
  149027,
  99255,
  186375,
  360039,
  148827,
  140187,
  140511,
  364970,
  191918,
  631252,
  377404,
  795932,
  143884,
  144060,
  150651,
  100695,
  140511,
  238035,
  188967,
  151527,
  140403,
  275186,
  455007,
  264497,
  24735,
  385026,
  256721,
  178948,
  1310553,
  470496,
  797337,
  563891,
  1637048,
  1077140,
  1636988,
  937134,
  1403768,
  1170506,
  50826,
  750524,
  703934,
  1076758,
  148405,
  142007,
  145036,
  101955,
  182523,
  208910,
  417427,
  276163,
  1114672,
  486111,
  154336,
  251535,
  118049,
  1258532,
  563872,
  1590307,
  790675,
  956524,
  983807,
  657313,
  1217030,
  50686,
  703919,
  657187,
  563907,
  937304,
  750606,
  937245,
  1075778,
  149907,
  146855,
  144966,
  146483,
  145217,
  144026,
  144875,
  147795,
  100083,
  185835,
  151851,
  347943,
  360434,
  340960,
  607934,
  1248159,
  19551,
  1320738,
  178959,
  1611021,
  563902,
  982754,
  145104,
  145106,
  106707,
  214563,
  142203,
  299163,
  352911,
  355322,
  740127,
  1633069,
  883983,
  1201502,
  1447741,
  1290927,
  1642110,
  1263743,
  423944,
  143964,
  703983,
  982705,
  145049,
  148528,
  143848,
  147981,
  148793,
  143947,
  144865,
  143996,
  148001,
  103503,
  146559,
  270038,
  444639,
  1307774,
  657188,
  408316,
  1403706,
  1263876,
  703902,
  1450332,
  1590304,
  797222,
  610716,
  50762,
  937181,
  1635695,
  150028,
  147912,
  143025,
  148687,
  149972,
  145089,
  144060,
  148889,
  143523,
  143850,
  146531,
  149720,
  147964,
  149887,
  149150,
  149039,
  147522,
}
